10
2 3 9 
0 
0 
1 7 
3 3 7 8 
2 4 7 
0 
2 0 9 
1 7 
3 2 4 8 
9 8 1
9 4 0
9 2 0
8 7 0
7 9 1
7 0 0
5 7 0
5 4 1
4 8 1
4 7 0
4 3 0
3 7 1
0 9 1
0 3 0
3
0 9 5 0 9 8 
18
1 0 3 1 3 
1 0 9 1 2 
1 3 7 1 3 
1 4 3 1 0 
1 4 7 1 2 
1 4 8 1 2 
1 5 4 1 0 
1 5 7 1 0 
1 7 0 1 1 
1 7 9 1 2 
1 8 7 1 1 
1 9 2 1 0 
1 9 4 1 3 
1 9 8 1 0 
2 4 7 1 9 4 1 5.01384 
4 0 3 1 0 9 1 7 9 1 8 7 1 4.04587 
2 4 8 1 9 4 1 5.375 
4 0 9 1 4 8 1 7 0 1 9 8 1 3.83419 
54
1 0 0 3 1 1 
1 0 0 9 1 1 
1 0 3 7 1 3 
1 0 4 3 1 1 
1 0 4 7 1 3 
1 0 4 8 1 1 
1 0 5 4 1 2 
1 0 5 7 1 0 
1 0 7 0 1 1 
1 0 7 9 1 2 
1 0 8 7 1 1 
1 0 9 2 1 0 
1 0 9 4 1 1 
1 0 9 8 1 1 
1 1 0 3 1 1 
1 1 0 9 1 2 
1 1 3 7 1 3 
1 1 4 3 1 3 
1 1 4 7 1 1 
1 1 4 8 1 2 
1 1 5 4 1 3 
1 1 5 7 1 1 
1 1 7 0 1 1 
1 1 7 9 1 1 
1 1 8 7 1 1 
1 1 9 2 1 3 
1 1 9 4 1 3 
1 1 9 8 1 1 
1 2 0 3 1 1 
1 2 0 9 1 0 
1 2 3 7 1 0 
1 2 4 3 1 3 
1 2 4 7 1 3 
1 2 4 8 1 0 
1 2 5 4 1 0 
1 2 5 7 1 0 
1 2 7 0 1 1 
1 2 7 9 1 1 
1 2 8 7 1 0 
1 2 9 2 1 3 
1 2 9 4 1 2 
1 2 9 8 1 0 
2 0 9 2 1 9 4 1 3.56618 
3 0 4 8 1 5 4 1 9 2 1 5.55733 
2 0 4 8 1 9 2 1 4.76581 
3 0 4 3 1 4 8 1 7 0 1 4.88859 
2 0 5 7 1 9 4 1 4.80114 
2 0 0 9 1 9 2 1 4.40233 
2 0 0 3 1 7 0 1 4.33697 
3 0 5 7 1 7 9 1 9 2 1 4.48428 
2 0 5 7 1 9 2 1 4.8958 
2 0 7 9 1 9 8 1 3.59762 
2 0 0 9 1 7 0 1 3.33906 
2 0 4 7 1 9 8 1 3.53346 
