------------------------------------------------------------------------------------
---------------------ITERATION: 18 --------------------------------------------
------------------------------------------------------------------------------------



-------PerturbationOfq BEGIN-------

 q_tariff-p indexed
(1 , 0 ) (-1 , 1 ) (1.93931 , 2 ) (-1 , 3 ) (-1 , 4 ) (0.979772 , 5 ) (-1 , 6 ) (1 , 7 ) (0 , 8 ) (0.95954 , 9 ) (2.95954 , 10 ) (0 , 11 ) (0 , 12 ) (0.939311 , 13 ) (-1 , 14 ) (1 , 15 ) (0.939313 , 16 ) (0 , 17 ) (0.939311 , 18 ) (1.93931 , 19 ) (1 , 20 ) (0 , 21 ) (0 , 22 ) (0 , 23 ) (0 , 24 ) (-1 , 25 ) (0 , 26 ) (1.95954 , 27 ) (-1 , 28 ) (0 , 29 ) (0.939311 , 30 ) (1.93931 , 31 ) 

 Sorted q_indexed-p
(-1 , 1 ) (-1 , 3 ) (-1 , 4 ) (-1 , 6 ) (-1 , 14 ) (-1 , 25 ) (-1 , 28 ) (0 , 8 ) (0 , 11 ) (0 , 12 ) (0 , 17 ) (0 , 21 ) (0 , 22 ) (0 , 23 ) (0 , 24 ) (0 , 26 ) (0 , 29 ) (0.939311 , 13 ) (0.939311 , 18 ) (0.939311 , 30 ) (0.939313 , 16 ) (0.95954 , 9 ) (0.979772 , 5 ) (1 , 0 ) (1 , 7 ) (1 , 15 ) (1 , 20 ) (1.93931 , 2 ) (1.93931 , 31 ) (1.93931 , 19 ) (1.95954 , 27 ) (2.95954 , 10 ) 

First index T start: 17

 Applied perturbation
(-1.7e-06 , 1 ) (-1.6e-06 , 3 ) (-1 , 4 ) (-1.4e-06 , 6 ) (-1.3e-06 , 14 ) (-1.2e-06 , 25 ) (-1.1e-06 , 28 ) (-1e-06 , 8 ) (-9e-07 , 11 ) (0.999999 , 12 ) (-7e-07 , 17 ) (-6e-07 , 21 ) (-5e-07 , 22 ) (-4e-07 , 23 ) (1 , 24 ) (1 , 26 ) (1 , 29 ) (0.939311 , 13 ) (0.939311 , 18 ) (1.93931 , 30 ) (1.93931 , 16 ) (0.959541 , 9 ) (0.979773 , 5 ) (1 , 0 ) (1 , 7 ) (2 , 15 ) (1 , 20 ) (1.93931 , 2 ) (2.93931 , 31 ) (1.93931 , 19 ) (1.95954 , 27 ) (2.95954 , 10 ) 

Sort according to original order
(1 , 0 ) (-1.7e-06 , 1 ) (1.93931 , 2 ) (-1.6e-06 , 3 ) (-1 , 4 ) (0.979773 , 5 ) (-1.4e-06 , 6 ) (1 , 7 ) (-1e-06 , 8 ) (0.959541 , 9 ) (2.95954 , 10 ) (-9e-07 , 11 ) (0.999999 , 12 ) (0.939311 , 13 ) (-1.3e-06 , 14 ) (2 , 15 ) (1.93931 , 16 ) (-7e-07 , 17 ) (0.939311 , 18 ) (1.93931 , 19 ) (1 , 20 ) (-6e-07 , 21 ) (-5e-07 , 22 ) (-4e-07 , 23 ) (1 , 24 ) (-1.2e-06 , 25 ) (1 , 26 ) (1.95954 , 27 ) (-1.1e-06 , 28 ) (1 , 29 ) (1.93931 , 30 ) (2.93931 , 31 ) 


-------PerturbationOfq END-------


-------MinimizeLeadersEarning BEGIN-------
Default row names c1, c2 ... being created.
The solution for u is:
	For the 0th people
		[0, 0, 0, 0, 1, 0, 0, 0, 0, 0,
0, 2.5e-06, 0, 0, 1.3e-06, 0, 0, 0.979774, 0, 0,
0, 2.2e-06, 5e-07, 4e-07, 0, 0, 0, 0, 0, 0,
0, 0]
	For the 1th people
		[1, 1.7e-06, 0, 1.6e-06, 0, 0, 0, 0, 0, 0,
0.979771, 9e-07, 2.3e-06, 0.02023, 1.3e-06, 0, 0, 0, 0, 0,
0, 0, 0, 0, 0, 0, 1.93931, 0, 1.1e-06, 1.6e-06,
0, 1]
	For the 2th people
		[0, 0, 0, 0, 1, 0, 0, 0, 0, 0,
0, 0, 0, 0, 0, 0, 0, 0, 0, 0,
0, 6e-07, 0, 0, 0, 0, 0, 0, 0, 0,
0, 0]
The solution for x is:
	For the 0th people
		[0, 0, 0, 0, 0, 1, 0, 0, 0, 0,
0, 0, 0, 0, 0, 0, 0, 0, 0, 0,
0, 0, 0, 0, 0, 1, 0, 0, 0, 0,
0, 0]
	For the 1th people
		[0, 0, 0, 1, 1, 0, 0, 0, 0, 0,
0, 1, 1, 0, 1, 1, 0, 0, 0, 1,
0, 0, 0, 0, 0, 0, 0, 0, 0, 0,
0, 0]
	For the 2th people
		[1, 0, 0, 0, 0, 0, 0, 0, 0, 0,
0, 1, 0, 0, 0, 0, 0, 0, 0, 1,
0, 0, 0, 0, 0, 0, 0, 0, 0, 0,
0, 0]
Alpha Plus values are :
[0.979773, 3.93931, 2.93931]
Alpha Negativa values are :
[1.5e-06, 0, 2.199e-06]
Beta values are :
For the person: 0
	[0, 0, 0, 0, 0, 0, 0, 0, 0, 0]
For the person: 1
	[0, 0, 0, 0, 0, 0, 0, 0, 0, 0]
For the person: 2
	[0, 0, 0, 0, 0, 0, 0, 0, 0, 0]
The objective value is : -1.14161


-------MinimizeLeadersEarning END-------


-------FindingTariffWithFiniteUtilities BEGIN-------
Warning:  Output names have been modified due to duplicate names or characters invalid in LP format.
Default row names c1, c2 ... being created.
The solution for x is:
For the 0th utility
	For the 0th people
		[0, 0, 0, 0, 0, 0, 1, 0, 0, 0,
0, 0, 0, 0, 0, 0, 0, 0, 0, 0,
0, 0, 0, 0, 0, 0, 0, 0, 0, 1,
0, 0]
	For the 1th people
		[0, 0, 0, 0, 0, 0, 0, 0, 0, 0,
0, 0, 0, 0, 0, 0, 0, 0, 0, 0,
0, 0, 0, 0, 0, 0, 0, 0, 0, 0,
0, 1]
	For the 2th people
		[0, 0, 0, 0, 0, 0, 0, 0, 0, 0,
0, 0, 0, 0, 0, 0, 0, 0, 0, 0,
1, 0, 0, 0, 0, 0, 0, 1, 0, 0,
0, 0]
For the 1th utility
	For the 0th people
		[0 0, 0, 0, 0, 0, 1, 0, 0, 0,
0, 0, 0, 0, 0, 0, 0, 0, 0, 0,
0, 0, 0, 0, 0, 0, 0, 0, 0, 1,
0, 0]
	For the 1th people
		[0, 0, 0, 0, 0, 0, 0, 0, 0, 0,
0, 0, 0, 0, 0, 0, 0, 0, 0, 0,
0, 0, 0, 0, 0, 0, 0, 0, 0, 0,
0, 1]
	For the 2th people
		[0, 0, 0, 0, 0, 0, 0, 0, 0, 0,
0, 0, 0, 0, 0, 0, 0, 0, 0, 0,
1, 0, 0, 0, 0, 0, 0, 1, 0, 0,
0, 0]
For the 2th utility
	For the 0th people
		[0, 0, 0, 0, 0, 0, 1, 0, 0, 0,
0, 0, 0, 0, 0, 0, 0, 0, 0, 0,
0, 0, 0, 0, 0, 0, 0, 0, 0, 1,
0, 0]
	For the 1th people
		[0, 0, 0, 0, 0, 0, 0, 0, 0, 0,
0, 0, 0, 0, 0, 0, 0, 0, 0, 0,
0, 0, 0, 0, 0, 0, 0, 0, 0, 0,
0, 1]
	For the 2th people
		[0, 0, 0, 0, 0, 0, 0, 1, 0, 0,
0, 0, 0, 0, 0, 0, 0, 0, 1, 0,
0, 0, 0, 0, 0, 0, 0, 1, 0, 0,
0, 0]
For the 3th utility
	For the 0th people
		[0, 0, 0, 0, 0, 0, 1, 0, 0, 0,
0, 0, 0, 0, 0, 0, 0, 0, 0, 0,
0, 0, 0, 0, 0, 0, 0, 0, 0, 1,
0, 0]
	For the 1th people
		[0, 0, 1, 0, 0, 0, 0, 0, 0, 0,
0, 1, 0, 0, 0, 0, 0, 0, 0, 0,
0, 0, 0, 0, 0, 0, 1, 0, 0, 0,
0, 0]
	For the 2th people
		[1, 0, 0, 0, 0, 0, 0, 1, 0, 0,
0, 0, 0, 0, 0, 0, 0, 0, 1, 0,
0, 0, 0, 0, 1, 0, 0, 0, 0, 0,
0, 0]
For the 4th utility
	For the 0th people
		[0, 0, 0, 0, 0, 0, 1, 0, 0, 0,
0, 0, 0, 0, 0, 0, 0, 0, 0, 0,
0, 0, 0, 0, 0, 0, 0, 0, 0, 1,
0, 0]
	For the 1th people
		[0, 0, 1, 0, 0, 0, 0, 0, 0, 0,
0, 1, 0, 0, 0, 0, 0, 0, 0, 0,
0, 0, 0, 0, 0, 0, 1, 0, 0, 0,
0, 0]
	For the 2th people
		[1, 0, 0, 0, 0, 0, 0, 1, 0, 0,
0, 0, 0, 0, 0, 0, 0, 0, 1, 0,
0, 0, 0, 0, 1, 0, 0, 0, 0, 0,
0, 0]
For the 5th utility
	For the 0th people
		[0, 0, 0, 0, 0, 0, 1, 0, 0, 0,
0, 0, 0, 0, 0, 0, 0, 0, 0, 0,
0, 0, 0, 0, 0, 0, 0, 0, 0, 1,
0, 0]
	For the 1th people
		[0, 0, 0, 0, 0, 0, 0, 0, 0, 0,
0, 0, 0, 0, 0, 0, 0, 0, 0, 0,
0, 0, 0, 0, 0, 0, 0, 0, 0, 0,
0, 1]
	For the 2th people
		[0, 0, 0, 0, 0, 0, 0, 1, 0, 0,
0, 0, 0, 0, 0, 1, 0, 0, 1, 0,
0, 0, 0, 0, 0, 0, 1, 0, 0, 0,
0, 0]
For the 6th utility
	For the 0th people
		[0, 0, 0, 0, 0, 0, 1, 0, 0, 0,
0, 0, 0, 0, 0, 0, 0, 0, 0, 0,
0, 0, 0, 0, 0, 0, 0, 0, 0, 1,
0, 0]
	For the 1th people
		[0, 0, 0, 0, 0, 0, 0, 1, 0, 0,
0, 0, 0, 0, 0, 0, 0, 0, 0, 0,
0, 0, 0, 0, 0, 0, 1, 0, 0, 0,
1, 0]
	For the 2th people
		[1, 0, 0, 0, 0, 0, 0, 1, 0, 0,
0, 0, 0, 0, 0, 0, 0, 0, 1, 0,
0, 0, 0, 0, 1, 0, 0, 0, 0, 0,
0, 0]
For the 7th utility
	For the 0th people
		[0, 0, 0, 0, 0, 0, 1, 0, 0, 0,
0, 0, 0, 0, 0, 0, 0, 0, 0, 0,
0, 0, 0, 0, 0, 0, 0, 0, 0, 1,
0, 0]
	For the 1th people
		[0, 0, 0, 0, 0, 0, 0, 0, 0, 0,
0, 0, 0, 0, 0, 0, 0, 0, 0, 0,
0, 0, 0, 0, 0, 0, 0, 0, 0, 0,
0, 1]
	For the 2th people
		[0, 0, 0, 0, 0, 0, 0, 1, 0, 0,
0, 0, 0, 0, 0, 0, 0, 0, 1, 0,
0, 0, 0, 0, 0, 0, 0, 1, 0, 0,
0, 0]
For the 8th utility
	For the 0th people
		[0, 0, 0, 0, 0, 0, 1, 0, 0, 0,
0, 0, 0, 0, 0, 0, 0, 0, 0, 0,
0, 0, 0, 0, 0, 0, 0, 0, 0, 1,
0, 0]
	For the 1th people
		[0, 0, 0, 0, 0, 0, 0, 0, 0, 0,
0, 0, 0, 0, 0, 0, 0, 0, 0, 0,
0, 0, 0, 0, 0, 0, 0, 0, 0, 0,
0, 1]
	For the 2th people
		[0, 0, 0, 0, 0, 0, 0, 1, 0, 0,
0, 0, 0, 0, 0, 1, 0, 0, 1, 0,
0, 0, 0, 0, 0, 0, 1, 0, 0, 0,
0, 0]
For the 9th utility
	For the 0th people
		[0, 0, 0, 0, 0, 0, 1, 0, 0, 0,
0, 0, 0, 0, 0, 0, 0, 0, 0, 0,
0, 0, 0, 0, 0, 0, 0, 0, 0, 1,
0, 0]
	For the 1th people
		[0, 0, 0.999999, 0, 0, 0, 0, 1.4925e-06, 0, 0,
0, 1, 0, 1.4925e-06, 0, 0, 0, 0, 0, 0,
0, 0, 0, 0, 0, 0, 1, 0, 0, 0,
0, 0]
	For the 2th people
		[0, 0, 0, 0, 0, 0, 0, 1, 0, 0,
0, 0, 0, 0, 0, 0, 0, 0, 1, 0,
0, 0, 0, 0, 0, 0, 0, 1, 0, 0,
0, 0]
For the 10th utility
	For the 0th people
		[0, 0, 0, 0, 0, 0, 1, 0, 0, 0,
0, 0, 0, 0, 0, 0, 0, 0, 0, 0,
0, 0, 0, 0, 0, 0, 0, 0, 0, 1,
0, 0]
	For the 1th people
		[0, 0, 0, 0, 0, 0, 0, 1, 0, 0,
0, 0, 0, 0, 0, 0, 0, 0, 0, 0,
0, 0, 0, 0, 0, 0, 1, 0, 0, 0,
1, 0]
	For the 2th people
		[0, 0, 1.75e-09, 0, 0, 0, 1.75e-09, 0, 0, 0,
0, 1.75e-09, 0, 0, 0, 0, 0, 1.75e-09, 0, 0,
1, 0, 0, 0, 0, 0, 0, 1, 0, 0,
0, 1.75e-09]
For the 11th utility
	For the 0th people
		[0, 0, 0, 0, 0, 1, 0, 0, 0, 0,
0, 0, 1, 0, 0, 0, 0, 0, 0, 0,
0, 0, 0, 0, 0, 0, 1, 0, 0, 0,
0, 0]
	For the 1th people
		[0, 0, 1, 0, 0, 0, 0, 0, 0, 0,
0, 1, 0, 0, 0, 0, 0, 0, 0, 0,
0, 0, 0, 0, 0, 0, 1, 0, 0, 0,
0, 0]
	For the 2th people
		[1.75e-06, 0, 0, 0, 0, 0, 0, 0, 1.75e-06, 0,
0, 1.75e-06, 0, 0, 0, 0, 0, 0, 1.75e-06, 0,
0.999998, 0, 0, 0, 0, 0, 0, 0.999998, 0, 0,
0, 1.75e-06]
For the 12th utility
	For the 0th people
		[0, 0, 0, 0, 0, 1, 0, 0, 0, 0,
0, 0, 1, 0, 0, 0, 0, 0, 0, 0,
0, 0, 0, 0, 0, 0, 1, 0, 0, 0,
0, 0]
	For the 1th people
		[0, 0, 0, 0, 0, 0, 0, 1, 0, 0,
0, 0, 0, 0, 0, 0, 0, 0, 0, 0,
0, 0, 0, 0, 0, 0, 1, 0, 0, 0,
1, 0]
	For the 2th people
		[0, 0, 0, 0, 0, 0, 0, 1, 0, 0,
0, 0, 0, 0, 0, 0, 0, 0, 1, 0,
0, 0, 0, 0, 0, 0, 0, 1, 0, 0,
0, 0]
For the 13th utility
	For the 0th people
		[0, 0, 0, 0, 0, 0, 1, 0, 0, 0,
0, 0, 0, 0, 0, 0, 0, 0, 0, 0,
0, 0, 0, 0, 0, 0, 0, 0, 0, 1,
0, 0]
	For the 1th people
		[0, 0, 0, 0, 0, 0, 0, 0, 0, 0,
0, 0, 0, 0, 0, 0, 0, 0, 0, 0,
0, 0, 0, 0, 0, 0, 0, 0, 0, 0,
0, 1]
	For the 2th people
		[0, 0, 0, 0, 0, 1, 0, 0, -4e-10, 0,
0, 0, 0, 0, 0, -4e-10, 0, 1, -4e-10, 0,
0, 0, 0, 0, 0, 0, 0, 1, 0, 0,
0, -4e-10]
For the 14th utility
	For the 0th people
		[0, 0, 0, 0, 0, 0, 1, 0, 0, 0,
0, 0, 0, 0, 0, 0, 0, 0, 0, 0,
0, 0, 0, 0, 0, 0, 0, 0, 0, 1,
0, 0]
	For the 1th people
		[0, 0, 0, 0, 0, 0, 0, 0, 0, 0,
0, 0, 0, 0, 0, 0, 0, 0, 0, 0,
0, 0, 0, 0, 0, 0, 0, 0, 0, 0,
0, 1]
	For the 2th people
		[0, 0, 0, 0, 0, 0, 0, 0, 0, 0,
0, 0, 0, 0, 0, 0, 0, 0, 0, 0,
1, 0, 0, 0, 0, 0, 0, 1, 0, 0,
0, 0]
For the 15th utility
	For the 0th people
		[0, 0, 0, 0, 0, 0, 1, 0, 0, 0,
0, 0, 0, 0, 0, 0, 0, 0, 0, 0,
0, 0, 0, 0, 0, 0, 0, 0, 0, 1,
0, 0]
	For the 1th people
		[0, 0, 0.999999, 0, 0, 0, 0, 1.0625e-06, 0, 0,
0, 0.999999, 0, 0, 0, 0, 0, 0, 0, 0,
0, 0, 0, 0, 0, 0, 1, 0, 0, 0,
1.0625e-06, 0]
	For the 2th people
		[0, 0, 0, 0, 0, 0, 0, 0, 0, 0,
0, 0, 0, 0, 0, 0, 0, 0, 0, 0,
1, 0, 0, 0, 0, 0, 0, 1, 0, 0,
0, 0]
For the 16th utility
	For the 0th people
		[0, 0, 0, 0, 0, 0, 1, 0, 0, 0,
0, 0, 0, 0, 0, 0, 0, 0, 0, 0,
0, 0, 0, 0, 0, 0, 0, 0, 0, 1,
0, 0]
	For the 1th people
		[0, 0, 0, 0, 0, 0, 0, 0, 0, 0,
0, 0, 0, 0, 0, 0, 0, 0, 0, 0,
0, 0, 0, 0, 0, 0, 0, 0, 0, 0,
0, 1]
	For the 2th people
		[0, 0, 0, 0, 0, 0, 0, 1, 0, 0,
0, 0, 0, 0, 0, 0, 0, 0, 1, 0,
0, 0, 0, 0, 0, 0, 0, 1, 0, 0,
0, 0]
For the 17th utility
	For the 0th people
		[0, 0, 0, 0, 0, 0, 1, 0, 0, 0,
0, 0, 0, 0, 0, 0, 0, 0, 0, 0,
0, 0, 0, 0, 0, 0, 0, 0, 0, 1,
0, 0]
	For the 1th people
		[0, 0, 0.999999, 0, 0, 0, 0, 0, 0, 0,
0, 0.999999, 0, 0, 0, 0, 0, 0, 0, 0,
0, 0, 0, 0, 0, 0, 0.999999, 0, 0, 0,
0, 1.3125e-06]
	For the 2th people
		[0, 0, 0, 0, 0, 0, 0, 1, 0, 0,
0, 0, 0, 0, 0, 0, 0, 0, 1, 0,
0, 0, 0, 0, 0, 0, 0, 1, 0, 0,
0, 0]
For the 18th utility
	For the 0th people
		[0, 0, 0, 0, 0, 0, 1, 0, 0, 0,
0, 0, 0, 0, 0, 0, 0, 0, 0, 0,
0, 0, 0, 0, 0, 0, 0, 0, 0, 1,
0, 0]
	For the 1th people
		[0, 0, 0, 0, 0, 0, 0, 0, 0, 0,
0, 0, 0, 0, 0, 0, 0, 0, 0, 0,
0, 0, 0, 0, 0, 0, 0, 0, 0, 0,
0, 1]
	For the 2th people
		[0, 0, 0, 0, 0, 0, 0, 1, 0, 0,
0, 0, 0, 0, 0, 0, 0, 0, 1, 0,
0, 0, 0, 0, 0, 0, 0, 1, 0, 0,
0, 0]
The solution for q is:
[2, 0, 1.93931, 0, 0, 1.93931, 0, 1, 0, 1.93931,
1.93931, 0, 0, 0.939313, 0.0404581, 2, 1.93931, 0, 0.939313, 2.93931,
1.93931, 0, 0, 0, 0, 0, 0, 2, 0, 0,
0.93931, 1.93931]
Alpha Plus values are :
[0, 1.93931, 3.93931]
Alpha Plus values are :
[0.43931, 1.93931, 3.93931]
Alpha Plus values are :
[0, 2.93931, 3.93931]
Alpha Plus values are :
[0, 1.93931, 3.93931]
Alpha Plus values are :
[0, 1.93931, 3.93931]
Alpha Plus values are :
[0, 1.97977, 3.93931]
Alpha Plus values are :
[0, 2.89885, 3.93931]
Alpha Plus values are :
[0.979772, 2.93931, 3.93931]
Alpha Plus values are :
[0, 2, 3.93931]
Alpha Plus values are :
[0.939311, 1.93931, 3.93931]
Alpha Plus values are :
[0, 1.93931, 3.93931]
Alpha Plus values are :
[1.93931, 1.93931, 3.93931]
Alpha Plus values are :
[1.93931, 1.93931, 3.93931]
Alpha Plus values are :
[0, 2.93931, 3.93931]
Alpha Plus values are :
[0, 1.93931, 3.93931]
Alpha Plus values are :
[0, 1.93931, 3.93931]
Alpha Plus values are :
[0, 1.93931, 3.93931]
Alpha Plus values are :
[1, 1.93931, 3.93931]
Alpha Plus values are :
[0, 2.93931, 3.93931]
Alpha Negativa values are :
[0, 0, 0]
Alpha Negativa values are :
[0, 0, 0]
Alpha Negativa values are :
[0, 0, 0]
Alpha Negativa values are :
[0, 0, 0]
Alpha Negativa values are :
[0, 0, 0]
Alpha Negativa values are :
[0, 0, 0]
Alpha Negativa values are :
[0, 0, 0]
Alpha Negativa values are :
[0, 0, 0]
Alpha Negativa values are :
[0, 0, 0]
Alpha Negativa values are :
[0, 0, 0]
Alpha Negativa values are :
[0, 0, 0]
Alpha Negativa values are :
[0, 0, 0]
Alpha Negativa values are :
[0, 0, 0]
Alpha Negativa values are :
[0, 0, 0]
Alpha Negativa values are :
[0, 0, 0]
Alpha Negativa values are :
[0, 0, 0]
Alpha Negativa values are :
[0, 0, 0]
Alpha Negativa values are :
[0, 0, 0]
Alpha Negativa values are :
[0, 0, 0]
Maximum objective value is: 3.87862

-------FindingTariffWithFiniteUtilities END-------
The new utility is 18 different and there are 18 amount of utilities.


Current set of utilities: 
[[0, 0, 0, 0, 1.99998e-07, 0, 0, 0, 0, 0,
0, 1.8e-06, 0, 0, 0, 0, 0, 0, 0, 0,
0, 0, 0, 0, 0, 0, 0, 0, 0, 0,
0, 0], [0, 1, 0, 0, 2, 0, 0, 0, 0, 0,
0, 8e-07, 0, 0, 0, 0, 0, 0, 0, 0,
0, 0, 0, 0, 0, 0.999998, 1, 0, 0, 0,
0, 0], [0, 0, 0, 0, 0, 0, 0, 0.999999, 0, 0,
0, 0, 0, 0, 0, 0, 0, 0, 0, 0,
0, 0, 0, 0, 0, 0, 0, 0, 0, 1.1e-06,
0, 0]] [[0, 0, 0, 0, 1, 0, 0, 0, 0, 0,
0, 0, 0, 0, 0, 0, 0, 0.439311, 0, 0,
0.43931, 3.7e-06, 2.9e-06, 2e-06, 0, 0, 0, 0, 0, 0.43931,
0, 0], [0, 1.6e-06, 0, 1.5e-06, 1, 0, 0, 0, 0, 0.43931,
0, 9e-07, 2.1e-06, 0, 1.2e-06, 0, 0, 0, 0, 0,
0, 0, 0, 0, 0, 0, 2.2e-06, 0, 1e-06, 0,
0, 0], [0, 0, 0, 0, 2.1e-06, 0, 0, 0, 0, 0,
0, 0, 0, 0, 0, 0, 0, 0, 0, 0,
0, 6e-07, 0, 0, 0, 0, 0, 0, 0, 0,
0, 0]] [[0, 0, 0, 0, 1, 0, 0, 0, 0, 0,
0, 0, 0, 0, 0, 0, 0, 0, 0, 0,
0, 2.9e-06, 2.1e-06, 1.2e-06, 1.8e-06, 0, 0, 0, 1.1e-06, 0,
0, 0], [0, 0, 0, 0, 1, 0, 0, 0, 0, 0,
1, 2.4e-06, 2.1e-06, 0, 1.2e-06, 0, 0, 0, 0, 0,
0, 0, 0, 0, 0, 0, 2.25241, 0, 1.1e-06, 0,
0, 1], [0, 0, 0, 0, 1, 0, 0, 0, 0, 0,
0, 0, 0, 0, 0, 0, 0, 0, 0, 0,
0, 6e-07, 0, 0, 0, 0, 0, 0, 0, 0,
0, 0]] [[0, 0, 0, 0, 1, 0, 0, 0, 0, 0,
0, 2.5e-06, 0, 0, 1.3e-06, 0, 0, 1, 0, 0,
0, 2.2e-06, 5e-07, 4e-07, 0, 0, 0, 0, 1.2e-06, 0,
0, 0], [0, 1.7e-06, 0, 1.6e-06, 1.6e-06, 0, 0, 0, 0, 0,
0, 9e-07, 7e-07, 0, 1.3e-06, 0, 0, 0, 0, 0,
0, 0, 0, 0, 0, 0, 0, 0, 0, 0,
0.121378, 0.49517], [0, 0, 0, 0, 1, 0, 0, 0, 0, 0,
0, 0, 0, 0, 0, 0, 0, 0, 0, 0,
0, 6e-07, 0, 0, 0, 0, 1, 0.999999, 0, 0,
0, 0]] [[0, 0, 0, 0, 1, 0, 0, 0, 0, 1.5e-06,
0, 0, 0, 0, 0, 0, 0, 0, 0, 0,
0, 3.9e-06, 2.9e-06, 0, 0, 0, 0, 0, 0, 0,
0, 0], [0, 1.8e-06, 0, 1.7e-06, 1, 0.999999, 1.5e-06, 1, 0, 2.5e-06,
1, 0, 8e-07, 0, 1.4e-06, 0, 0, 0, 0, 0,
0, 0, 0, 0, 0, 0, 0, 0, 0, 0,
0, 0.0404596], [0, 0, 0, 0, 1, 0, 0, 2.5e-06, 0, 1.5e-06,
2.1e-06, 0, 0, 0, 0, 0, 0, 0, 0, 0,
0, 6e-07, 0, 0, 0, 0, 0, 0.040459, 0, 1.7e-06,
0, 0]] [[0, 0, 0, 0, 1, 0, 0, 0, 0, 0.0809196,
0, 2.8e-06, 0, 0, 0, 0, 0, 0, 0, 0,
0, 3.9e-06, 2.9e-06, 0, 0, 1.4e-06, 0, 0, 1.3e-06, 0,
0, 0], [0, 1.8e-06, 0, 1.7e-06, 1, 0, 1.5e-06, 0, 0, 0,
1, 1.9e-06, 8e-07, 0, 3.7e-06, 0, 0, 0, 0, 0,
0, 0, 0, 0, 0, 1.4e-06, 2, 0, 1.3e-06, 0,
0, 0.0404603], [0, 0, 0, 0, 1, 0, 0, 1.5e-06, 0, 0.0809196,
0.0809193, 0, 0, 0, 0, 0, 0, 0, 0, 0,
0, 6e-07, 0, 0, 0, 0, 0, 0.0404588, 0, 1.7e-06,
0, 0]] [[0, 0, 0, 0, 1, 2, 0, 0, 0, 0,
0, 0, 0, 0, 0, 0, 0, 0, 0.0809184, 0,
1, 3.9e-06, 2.9e-06, 0, 0, 0, 0, 0, 0, 0,
0.0404558, 0], [0, 1.8e-06, 0, 1.7e-06, 1, 0, 1.6e-06, 0, 0, 3.6e-06,
1, 1.9e-06, 7e-07, 0, 0, 0, 0, 0, 0, 0,
0, 0, 0, 0, 0, 0, 0.959541, 0.0404584, 1.3e-06, 0,
0, 1], [0, 0, 0, 0, 1, 0, 0, 0, 0, 0.0404607,
0, 0, 0, 0, 0, 0, 0, 0, 0, 0,
0, 6e-07, 0, 0, 0, 3e-06, 0.959541, 1, 1.3e-06, 1.7e-06,
0, 0]] [[0, 0, 0, 0, 1, 0, 0, 0, 1.1e-06, 0,
0, 2.7e-06, 0, 0, 0, 0, 0, 0, 0, 0,
0, 2.3e-06, 5e-07, 0, 0, 0, 0, 0, 0, 0.979772,
0, 0], [0, 1.6e-06, 0, 1.7e-06, 1, 0, 0, 1.97977, 0, 1,
1, 1.2e-06, 1, 1.95954, 8e-07, 0, 0, 0, 0.999997, 0,
0, 0, 0, 0, 1.93931, 0, 1.93931, 0.0404599, 1.3e-06, 0,
0.999998, 1], [0, 0, 0, 0, 1, 0, 0, 0, 1.1e-06, 0,
0, 0.939314, 0, 0, 0, 0.939313, 0, 0, 0, 0,
0, 6e-07, 0, 0, 0, 0, 0, 0, 0, 1.7e-06,
0, 0]] [[0, 0, 0, 0, 1, 0, 0, 0, 0, 0,
0, 0, 0, 0, 0, 0, 0, 0, 0, 0,
0, 3.9e-06, 2.9e-06, 0, 0, 0, 0, 0, 0, 0,
0, 0], [2e-07, 1.8e-06, 0, 1.7e-06, 1, 1, 1.5e-06, 0, 0, 2e-07,
1, 1.9e-06, 8e-07, 0, 0.0202329, 0, 0, 0, 0, 0,
0, 0, 0, 0, 0, 0, 2, 0.0606887, 1.2e-06, 0,
0, 0.0606899], [0, 0, 0, 0, 1, 0, 0, 0, 0, 0,
0, 0, 0, 0, 0, 0, 0, 0, 0, 0.939308,
0.939309, 6e-07, 0, 0, 0, 0, 0, 0.0606885, 0, 1.7e-06,
0, 0]] [[0, 0, 0, 0, 1, 0, 0.939311, 0, 0.939312, 0,
0, 0.939315, 0, 0, 0, 0, 0, 0.939312, 0, 0,
0, 2.3e-06, 5e-07, 0, 0, 0, 0, 0, 0, 0,
0, 0], [0, 1.8e-06, 0, 1.7e-06, 1.7e-06, 0, 0, 0.939309, 0, 0,
0, 2e-06, 0, 0, 8e-07, 0, 0, 0, 0, 0,
0, 0, 0, 0, 0, 0, 0, 0, 0, 1,
0, 0.999998], [0, 0, 0, 0, 1, 0, 0, 0, 0, 0,
0, 1.9e-06, 0, 0, 0, 0, 0, 0, 0, 0,
0, 6e-07, 0, 0, 0, 0, 0, 0, 0, 1.7e-06,
0, 0]] [[0, 0, 0, 0, 1, 0, 0, 0, 0, 0,
0, 0, 0, 0, 0, 0, 0, 0.939315, 0, 0,
1.4e-06, 4e-06, 3.2e-06, 2.2e-06, 0, 0, 0, 0, 0, 0,
0, 0], [0, 1.7e-06, 0, 1.6e-06, 2.4e-06, 0, 0, 0, 0, 0,
0.999983, 1e-06, 1, 2, 0, 0, 0, 0, 1, 0,
0, 0, 0, 0, 0, 0, 0, 0, 1.2e-06, 0,
0, 0.999987], [0, 0, 0, 0, 1, 0, 0, 0, 0, 0,
0, 0, 0, 0, 0, 0, 0, 0, 0, 0,
0, 6e-07, 0, 0, 0, 0, 0, 0, 0, 0,
0, 0]] [[0, 0, 0, 0, 1, 0, 1.95954, 0, 0, 0,
0, 0, 0, 0, 0, 0, 1.02023, 1.95954, 0.0202306, 0,
0, 3.9e-06, 2.9e-06, 0, 0, 0.979767, 0, 0, 0.979767, 0,
0, 0], [0.999998, 0, 0, 1.7e-06, 1, 0, 1.5e-06, 0, 0, 0.0202323,
0, 0, 8e-07, 0, 1.4e-06, 0, 0, 0, 0.0404559, 0,
0, 0, 0, 0, 0, 0, 0, 0, 1.2e-06, 0,
0, 0.0404609], [0, 0, 0, 0, 1, 0, 0, 0, 0, 0,
0, 0, 0, 0, 0, 0, 0, 0, 0, 0,
0, 6e-07, 0, 0, 0, 1.7e-06, 0.939311, 0, 0, 1.7e-06,
0, 0]] [[0, 0, 0, 0, 1, 0, 1.93931, 0, 0, 0,
0, 0, 0, 0, 0, 0, 0, 0, 0, 0,
0, 3.9e-06, 2.9e-06, 0, 0, 0.939308, 0, 0, 0.939308, 0,
0, 0], [0, 0, 0, 1.7e-06, 0.0606897, 0, 0, 0, 0, 0.0606915,
0.939312, 0.878624, 0.939313, 0, 1.4e-06, 0, 0, 0, 0, 0,
0, 0, 0, 0, 0, 0, 0, 0, 1.2e-06, 0.939312,
0, 1], [0, 0, 0, 0, 1, 0, 0, 0, 1e-06, 0.0606895,
0, 0, 0, 0, 0, 0.939311, 0, 0, 0, 0,
0, 6e-07, 0, 0, 0, 0, 0, 0, 0, 1.7e-06,
0, 0]] [[0, 0, 0, 0, 1, 0, 0, 0, 0, 0,
0, 2.3e-06, 0, 0, 1.2e-06, 0, 0, 0, 0, 0,
0, 2.1e-06, 5e-07, 4e-07, 0, 0, 0, 0, 0, 0,
0, 0], [0, 6.94e-07, 0, 5.94e-07, 0, 0.0404594, 1.3e-06, 2, 0, 1,
0.95954, 8e-07, 0, 2, 1.2e-06, 0, 0, 0, 0, 0,
0, 0, 0, 0, 0, 0, 2.97977, 0, 0, 0,
1, 1], [0, 0, 0, 0, 0, 0, 0, 1, 0, 3,
0, 3, 0, 3, 1.2e-06, 1.4e-06, 0, 0, 0, 0,
1, 6e-07, 0, 0, 0, 0, 0, 0, 0, 0,
0, 0]] [[0, 0, 0, 0, 1, 0, 0, 0, 0, 0,
0, 8e-07, 0, 0, 0, 0, 0, 1, 0, 0,
3.1e-06, 2.2e-06, 5e-07, 4e-07, 0, 0, 0, 0, 0, 0,
0, 0], [0, 1.7e-06, 0, 1.6e-06, 1.3e-06, 0, 0, 0, 0, 0,
0, 9e-07, 1e-06, 0, 0, 0, 0, 0, 0, 0,
0, 0, 0, 0, 0, 0, 0, 0, 0, 0,
0, 0], [0, 0, 0, 0, 1, 0, 0, 0, 0, 0,
0, 0, 0, 0, 0, 0, 0, 0, 0, 0,
0, 6e-07, 0, 0, 0, 0, 0, 0, 0, 0,
0, 0]] [[0, 0, 0, 0, 1, 0, 0, 0, 0, 0,
0, 2.4e-06, 0, 0, 0, 0, 0, 0, 0, 0,
0, 2.1e-06, 5e-07, 4e-07, 0, 0, 0, 0, 0, 0,
0, 0], [0, 0, 0, 0, 0, 1, 0, 0, 0, 0.0202284,
0, 2.5e-06, 1, 1, 8e-07, 0, 0, 0, 0, 0,
0, 0, 0, 0, 0, 0, 0, 0, 0, 1.5e-06,
0, 0.0404605], [0, 0, 0, 0, 1, 0, 0, 0.939312, 0, 0,
0, 1.93931, 0, 0, 0, 1.93931, 0, 0, 0, 0,
0, 6e-07, 0, 0, 0, 0, 0, 0, 0, 0,
0, 0]] [[0, 0, 0, 0, 1, 0, 0, 0, 0, 0.0606907,
0, 0.945117, 0, 0, 1.3e-06, 0, 0, 0.939312, 0, 0,
0, 2.2e-06, 5e-07, 4e-07, 0, 0, 0, 0, 0, 0,
0, 0], [0, 0, 0, 1.6e-06, 2.3e-06, 1, 0, 0, 0, 0,
1, 2.6e-06, 0, 0, 0.060692, 0, 0, 0, 0, 0,
0, 0, 0, 0, 0, 0, 0, 2.5e-07, 1.1e-06, 0,
0, 0], [0, 0, 0, 0, 1, 0, 0, 0, 0, 0.0606907,
0, 2, 0, 0, 1.3e-06, 2, 0, 0, 0, 3,
0, 6e-07, 0, 0, 0, 0, 0, 0, 0, 0,
0, 0]] [[0, 0, 0, 0, 1, 0.0606884, 0, 0, 0, 0,
0, 0.0606909, 0, 0, 0, 0, 0, 0.939311, 0, 0,
0, 2.2e-06, 5e-07, 4e-07, 0, 0, 0, 0, 0, 1,
0, 0], [0, 0, 0, 0, 2.3e-06, 0, 0, 0, 0, 0,
0.95954, 3.5e-06, 0, 0, 2.5e-06, 0, 0, 0, 0, 0,
0, 0, 0, 0, 0, 0, 0, 0, 1.2e-06, 0,
0, 1], [0, 0, 0, 0, 1, 0, 0, 0, 0, 0,
0, 1.93931, 0, 0, 2.5e-06, 1.93931, 0, 0, 0, 0,
0, 6e-07, 0, 0, 0, 0, 0, 0, 0, 0,
0, 0]] [[0, 0, 0, 0, 1, 0, 0, 0, 0, 0,
0, 2.5e-06, 0, 0, 1.3e-06, 0, 0, 0.979774, 0, 0,
0, 2.2e-06, 5e-07, 4e-07, 0, 0, 0, 0, 0, 0,
0, 0], [1, 1.7e-06, 0, 1.6e-06, 0, 0, 0, 0, 0, 0,
0.979771, 9e-07, 2.3e-06, 0.02023, 1.3e-06, 0, 0, 0, 0, 0,
0, 0, 0, 0, 0, 0, 1.93931, 0, 1.1e-06, 1.6e-06,
0, 1], [0, 0, 0, 0, 1, 0, 0, 0, 0, 0,
0, 0, 0, 0, 0, 0, 0, 0, 0, 0,
0, 6e-07, 0, 0, 0, 0, 0, 0, 0, 0,
0, 0]] 


Current set of utilities: 
[[0, 0, 0, 0, 1.99998e-07, 0, 0, 0, 0, 0,
0, 1.8e-06, 0, 0, 0, 0, 0, 0, 0, 0,
0, 0, 0, 0, 0, 0, 0, 0, 0, 0,
0, 0], [0, 1, 0, 0, 2, 0, 0, 0, 0, 0,
0, 8e-07, 0, 0, 0, 0, 0, 0, 0, 0,
0, 0, 0, 0, 0, 0.999998, 1, 0, 0, 0,
0, 0], [0, 0, 0, 0, 0, 0, 0, 0.999999, 0, 0,
0, 0, 0, 0, 0, 0, 0, 0, 0, 0,
0, 0, 0, 0, 0, 0, 0, 0, 0, 1.1e-06,
0, 0]] [[0, 0, 0, 0, 1, 0, 0, 0, 0, 0,
0, 0, 0, 0, 0, 0, 0, 0.439311, 0, 0,
0.43931, 3.7e-06, 2.9e-06, 2e-06, 0, 0, 0, 0, 0, 0.43931,
0, 0], [0, 1.6e-06, 0, 1.5e-06, 1, 0, 0, 0, 0, 0.43931,
0, 9e-07, 2.1e-06, 0, 1.2e-06, 0, 0, 0, 0, 0,
0, 0, 0, 0, 0, 0, 2.2e-06, 0, 1e-06, 0,
0, 0], [0, 0, 0, 0, 2.1e-06, 0, 0, 0, 0, 0,
0, 0, 0, 0, 0, 0, 0, 0, 0, 0,
0, 6e-07, 0, 0, 0, 0, 0, 0, 0, 0,
0, 0]] [[0, 0, 0, 0, 1, 0, 0, 0, 0, 0,
0, 0, 0, 0, 0, 0, 0, 0, 0, 0,
0, 2.9e-06, 2.1e-06, 1.2e-06, 1.8e-06, 0, 0, 0, 1.1e-06, 0,
0, 0], [0, 0, 0, 0, 1, 0, 0, 0, 0, 0,
1, 2.4e-06, 2.1e-06, 0, 1.2e-06, 0, 0, 0, 0, 0,
0, 0, 0, 0, 0, 0, 2.25241, 0, 1.1e-06, 0,
0, 1], [0, 0, 0, 0, 1, 0, 0, 0, 0, 0,
0, 0, 0, 0, 0, 0, 0, 0, 0, 0,
0, 6e-07, 0, 0, 0, 0, 0, 0, 0, 0,
0, 0]] [[0, 0, 0, 0, 1, 0, 0, 0, 0, 0,
0, 2.5e-06, 0, 0, 1.3e-06, 0, 0, 1, 0, 0,
0, 2.2e-06, 5e-07, 4e-07, 0, 0, 0, 0, 1.2e-06, 0,
0, 0], [0, 1.7e-06, 0, 1.6e-06, 1.6e-06, 0, 0, 0, 0, 0,
0, 9e-07, 7e-07, 0, 1.3e-06, 0, 0, 0, 0, 0,
0, 0, 0, 0, 0, 0, 0, 0, 0, 0,
0.121378, 0.49517], [0, 0, 0, 0, 1, 0, 0, 0, 0, 0,
0, 0, 0, 0, 0, 0, 0, 0, 0, 0,
0, 6e-07, 0, 0, 0, 0, 1, 0.999999, 0, 0,
0, 0]] [[0, 0, 0, 0, 1, 0, 0, 0, 0, 1.5e-06,
0, 0, 0, 0, 0, 0, 0, 0, 0, 0,
0, 3.9e-06, 2.9e-06, 0, 0, 0, 0, 0, 0, 0,
0, 0], [0, 1.8e-06, 0, 1.7e-06, 1, 0.999999, 1.5e-06, 1, 0, 2.5e-06,
1, 0, 8e-07, 0, 1.4e-06, 0, 0, 0, 0, 0,
0, 0, 0, 0, 0, 0, 0, 0, 0, 0,
0, 0.0404596], [0, 0, 0, 0, 1, 0, 0, 2.5e-06, 0, 1.5e-06,
2.1e-06, 0, 0, 0, 0, 0, 0, 0, 0, 0,
0, 6e-07, 0, 0, 0, 0, 0, 0.040459, 0, 1.7e-06,
0, 0]] [[0, 0, 0, 0, 1, 0, 0, 0, 0, 0.0809196,
0, 2.8e-06, 0, 0, 0, 0, 0, 0, 0, 0,
0, 3.9e-06, 2.9e-06, 0, 0, 1.4e-06, 0, 0, 1.3e-06, 0,
0, 0], [0, 1.8e-06, 0, 1.7e-06, 1, 0, 1.5e-06, 0, 0, 0,
1, 1.9e-06, 8e-07, 0, 3.7e-06, 0, 0, 0, 0, 0,
0, 0, 0, 0, 0, 1.4e-06, 2, 0, 1.3e-06, 0,
0, 0.0404603], [0, 0, 0, 0, 1, 0, 0, 1.5e-06, 0, 0.0809196,
0.0809193, 0, 0, 0, 0, 0, 0, 0, 0, 0,
0, 6e-07, 0, 0, 0, 0, 0, 0.0404588, 0, 1.7e-06,
0, 0]] [[0, 0, 0, 0, 1, 2, 0, 0, 0, 0,
0, 0, 0, 0, 0, 0, 0, 0, 0.0809184, 0,
1, 3.9e-06, 2.9e-06, 0, 0, 0, 0, 0, 0, 0,
0.0404558, 0], [0, 1.8e-06, 0, 1.7e-06, 1, 0, 1.6e-06, 0, 0, 3.6e-06,
1, 1.9e-06, 7e-07, 0, 0, 0, 0, 0, 0, 0,
0, 0, 0, 0, 0, 0, 0.959541, 0.0404584, 1.3e-06, 0,
0, 1], [0, 0, 0, 0, 1, 0, 0, 0, 0, 0.0404607,
0, 0, 0, 0, 0, 0, 0, 0, 0, 0,
0, 6e-07, 0, 0, 0, 3e-06, 0.959541, 1, 1.3e-06, 1.7e-06,
0, 0]] [[0, 0, 0, 0, 1, 0, 0, 0, 1.1e-06, 0,
0, 2.7e-06, 0, 0, 0, 0, 0, 0, 0, 0,
0, 2.3e-06, 5e-07, 0, 0, 0, 0, 0, 0, 0.979772,
0, 0], [0, 1.6e-06, 0, 1.7e-06, 1, 0, 0, 1.97977, 0, 1,
1, 1.2e-06, 1, 1.95954, 8e-07, 0, 0, 0, 0.999997, 0,
0, 0, 0, 0, 1.93931, 0, 1.93931, 0.0404599, 1.3e-06, 0,
0.999998, 1], [0, 0, 0, 0, 1, 0, 0, 0, 1.1e-06, 0,
0, 0.939314, 0, 0, 0, 0.939313, 0, 0, 0, 0,
0, 6e-07, 0, 0, 0, 0, 0, 0, 0, 1.7e-06,
0, 0]] [[0, 0, 0, 0, 1, 0, 0, 0, 0, 0,
0, 0, 0, 0, 0, 0, 0, 0, 0, 0,
0, 3.9e-06, 2.9e-06, 0, 0, 0, 0, 0, 0, 0,
0, 0], [2e-07, 1.8e-06, 0, 1.7e-06, 1, 1, 1.5e-06, 0, 0, 2e-07,
1, 1.9e-06, 8e-07, 0, 0.0202329, 0, 0, 0, 0, 0,
0, 0, 0, 0, 0, 0, 2, 0.0606887, 1.2e-06, 0,
0, 0.0606899], [0, 0, 0, 0, 1, 0, 0, 0, 0, 0,
0, 0, 0, 0, 0, 0, 0, 0, 0, 0.939308,
0.939309, 6e-07, 0, 0, 0, 0, 0, 0.0606885, 0, 1.7e-06,
0, 0]] [[0, 0, 0, 0, 1, 0, 0.939311, 0, 0.939312, 0,
0, 0.939315, 0, 0, 0, 0, 0, 0.939312, 0, 0,
0, 2.3e-06, 5e-07, 0, 0, 0, 0, 0, 0, 0,
0, 0], [0, 1.8e-06, 0, 1.7e-06, 1.7e-06, 0, 0, 0.939309, 0, 0,
0, 2e-06, 0, 0, 8e-07, 0, 0, 0, 0, 0,
0, 0, 0, 0, 0, 0, 0, 0, 0, 1,
0, 0.999998], [0, 0, 0, 0, 1, 0, 0, 0, 0, 0,
0, 1.9e-06, 0, 0, 0, 0, 0, 0, 0, 0,
0, 6e-07, 0, 0, 0, 0, 0, 0, 0, 1.7e-06,
0, 0]] [[0, 0, 0, 0, 1, 0, 0, 0, 0, 0,
0, 0, 0, 0, 0, 0, 0, 0.939315, 0, 0,
1.4e-06, 4e-06, 3.2e-06, 2.2e-06, 0, 0, 0, 0, 0, 0,
0, 0], [0, 1.7e-06, 0, 1.6e-06, 2.4e-06, 0, 0, 0, 0, 0,
0.999983, 1e-06, 1, 2, 0, 0, 0, 0, 1, 0,
0, 0, 0, 0, 0, 0, 0, 0, 1.2e-06, 0,
0, 0.999987], [0, 0, 0, 0, 1, 0, 0, 0, 0, 0,
0, 0, 0, 0, 0, 0, 0, 0, 0, 0,
0, 6e-07, 0, 0, 0, 0, 0, 0, 0, 0,
0, 0]] [[0, 0, 0, 0, 1, 0, 1.95954, 0, 0, 0,
0, 0, 0, 0, 0, 0, 1.02023, 1.95954, 0.0202306, 0,
0, 3.9e-06, 2.9e-06, 0, 0, 0.979767, 0, 0, 0.979767, 0,
0, 0], [0.999998, 0, 0, 1.7e-06, 1, 0, 1.5e-06, 0, 0, 0.0202323,
0, 0, 8e-07, 0, 1.4e-06, 0, 0, 0, 0.0404559, 0,
0, 0, 0, 0, 0, 0, 0, 0, 1.2e-06, 0,
0, 0.0404609], [0, 0, 0, 0, 1, 0, 0, 0, 0, 0,
0, 0, 0, 0, 0, 0, 0, 0, 0, 0,
0, 6e-07, 0, 0, 0, 1.7e-06, 0.939311, 0, 0, 1.7e-06,
0, 0]] [[0, 0, 0, 0, 1, 0, 1.93931, 0, 0, 0,
0, 0, 0, 0, 0, 0, 0, 0, 0, 0,
0, 3.9e-06, 2.9e-06, 0, 0, 0.939308, 0, 0, 0.939308, 0,
0, 0], [0, 0, 0, 1.7e-06, 0.0606897, 0, 0, 0, 0, 0.0606915,
0.939312, 0.878624, 0.939313, 0, 1.4e-06, 0, 0, 0, 0, 0,
0, 0, 0, 0, 0, 0, 0, 0, 1.2e-06, 0.939312,
0, 1], [0, 0, 0, 0, 1, 0, 0, 0, 1e-06, 0.0606895,
0, 0, 0, 0, 0, 0.939311, 0, 0, 0, 0,
0, 6e-07, 0, 0, 0, 0, 0, 0, 0, 1.7e-06,
0, 0]] [[0, 0, 0, 0, 1, 0, 0, 0, 0, 0,
0, 2.3e-06, 0, 0, 1.2e-06, 0, 0, 0, 0, 0,
0, 2.1e-06, 5e-07, 4e-07, 0, 0, 0, 0, 0, 0,
0, 0], [0, 6.94e-07, 0, 5.94e-07, 0, 0.0404594, 1.3e-06, 2, 0, 1,
0.95954, 8e-07, 0, 2, 1.2e-06, 0, 0, 0, 0, 0,
0, 0, 0, 0, 0, 0, 2.97977, 0, 0, 0,
1, 1], [0, 0, 0, 0, 0, 0, 0, 1, 0, 3,
0, 3, 0, 3, 1.2e-06, 1.4e-06, 0, 0, 0, 0,
1, 6e-07, 0, 0, 0, 0, 0, 0, 0, 0,
0, 0]] [[0, 0, 0, 0, 1, 0, 0, 0, 0, 0,
0, 8e-07, 0, 0, 0, 0, 0, 1, 0, 0,
3.1e-06, 2.2e-06, 5e-07, 4e-07, 0, 0, 0, 0, 0, 0,
0, 0], [0, 1.7e-06, 0, 1.6e-06, 1.3e-06, 0, 0, 0, 0, 0,
0, 9e-07, 1e-06, 0, 0, 0, 0, 0, 0, 0,
0, 0, 0, 0, 0, 0, 0, 0, 0, 0,
0, 0], [0, 0, 0, 0, 1, 0, 0, 0, 0, 0,
0, 0, 0, 0, 0, 0, 0, 0, 0, 0,
0, 6e-07, 0, 0, 0, 0, 0, 0, 0, 0,
0, 0]] [[0, 0, 0, 0, 1, 0, 0, 0, 0, 0,
0, 2.4e-06, 0, 0, 0, 0, 0, 0, 0, 0,
0, 2.1e-06, 5e-07, 4e-07, 0, 0, 0, 0, 0, 0,
0, 0], [0, 0, 0, 0, 0, 1, 0, 0, 0, 0.0202284,
0, 2.5e-06, 1, 1, 8e-07, 0, 0, 0, 0, 0,
0, 0, 0, 0, 0, 0, 0, 0, 0, 1.5e-06,
0, 0.0404605], [0, 0, 0, 0, 1, 0, 0, 0.939312, 0, 0,
0, 1.93931, 0, 0, 0, 1.93931, 0, 0, 0, 0,
0, 6e-07, 0, 0, 0, 0, 0, 0, 0, 0,
0, 0]] [[0, 0, 0, 0, 1, 0, 0, 0, 0, 0.0606907,
0, 0.945117, 0, 0, 1.3e-06, 0, 0, 0.939312, 0, 0,
0, 2.2e-06, 5e-07, 4e-07, 0, 0, 0, 0, 0, 0,
0, 0], [0, 0, 0, 1.6e-06, 2.3e-06, 1, 0, 0, 0, 0,
1, 2.6e-06, 0, 0, 0.060692, 0, 0, 0, 0, 0,
0, 0, 0, 0, 0, 0, 0, 2.5e-07, 1.1e-06, 0,
0, 0], [0, 0, 0, 0, 1, 0, 0, 0, 0, 0.0606907,
0, 2, 0, 0, 1.3e-06, 2, 0, 0, 0, 3,
0, 6e-07, 0, 0, 0, 0, 0, 0, 0, 0,
0, 0]] [[0, 0, 0, 0, 1, 0.0606884, 0, 0, 0, 0,
0, 0.0606909, 0, 0, 0, 0, 0, 0.939311, 0, 0,
0, 2.2e-06, 5e-07, 4e-07, 0, 0, 0, 0, 0, 1,
0, 0], [0, 0, 0, 0, 2.3e-06, 0, 0, 0, 0, 0,
0.95954, 3.5e-06, 0, 0, 2.5e-06, 0, 0, 0, 0, 0,
0, 0, 0, 0, 0, 0, 0, 0, 1.2e-06, 0,
0, 1], [0, 0, 0, 0, 1, 0, 0, 0, 0, 0,
0, 1.93931, 0, 0, 2.5e-06, 1.93931, 0, 0, 0, 0,
0, 6e-07, 0, 0, 0, 0, 0, 0, 0, 0,
0, 0]] [[0, 0, 0, 0, 1, 0, 0, 0, 0, 0,
0, 2.5e-06, 0, 0, 1.3e-06, 0, 0, 0.979774, 0, 0,
0, 2.2e-06, 5e-07, 4e-07, 0, 0, 0, 0, 0, 0,
0, 0], [1, 1.7e-06, 0, 1.6e-06, 0, 0, 0, 0, 0, 0,
0.979771, 9e-07, 2.3e-06, 0.02023, 1.3e-06, 0, 0, 0, 0, 0,
0, 0, 0, 0, 0, 0, 1.93931, 0, 1.1e-06, 1.6e-06,
0, 1], [0, 0, 0, 0, 1, 0, 0, 0, 0, 0,
0, 0, 0, 0, 0, 0, 0, 0, 0, 0,
0, 6e-07, 0, 0, 0, 0, 0, 0, 0, 0,
0, 0]] 
Leader's current maximum profit: 3.87862

Every leader's profit we have encountered
3.878 3.919 4.252 4.439 

,
