-------MinimizeLeadersEarning BEGIN-------
Default row names c1, c2 ... being created.
The solution for u is:
	For the 0th people
		[0, 0, 0, 0, 0, 0.114527, 0.17179, 0, 0.770946, 2,
0, 0.114527, 1, 0, 0, 0, 0, 0, 0, 0,
0, 0, 0, 0, 0, 0, 0, 0, 0, 0,
0, 0, 0, 0, 0, 1, 0, 0, 0, 0.770946,
0, 0, 0, 2, 0, 0, 0, 0, 0, 0,
0, 0, 0, 0, 0, 1.17179]
	For the 1th people
		[0, 0, 0, 0, 0, 1, 3, 0.885473, 0, 0.17179,
0, 0, 0.885473, 0, 0.885473, 0, 0, 0, 0, 0,
0, 0.885473, 0, 0, 0, 0, 1, 1.82821, 0, 0.17179,
0, 1, 0.885473, 0, 0, 0, 0.713683, 0, 0, 3,
0, 0, 0, 0, 0, 0, 0, 0, 0, 0,
0, 0, 0, 0, 0, 0]
	For the 2th people
		[0, 0, 0, 0.17179, 0.942737, 0.885473, 3, 1, 0, 0,
0, 0, 1, 0, 0, 0, 1, 0, 0, 0,
0, 0, 0, 0, 0, 0, 0.713683, 2, 3, 1,
0, 0, 0.885473, 1, 0, 1, 2, 0, 0, 0,
0, 2, 0, 2, 0, 1, 0, 0, 0, 0,
0, 0, 0, 3, 0, 1.05726]
The solution for x is:
	For the 0th people
		[0, 1, 0, 0, 0, 0, 0, 0, 0, 0,
0, 1, 0, 0, 0, 0, 0, 0, 0, 0,
0, 0, 0, 0, 0, 0, 0, 0, 0, 0,
0, 0, 0, 1, 1, 0, 0, 0, 0, 0,
0, 0, 0, 0, 1, 0, 0, 0, 0, 0,
0, 0, 0, 0, 0, 0]
	For the 1th people
		[0, 0, 0, 0, 0, 0, 0, 0, 0, 0,
0, 1, 0, 0, 0, 0, 0, 0, 0, 1,
0, 0, 1, 0, 0, 0, 0, 0, 0, 0,
0, 0, 0, 0, 0, 0, 0, 0, 1, 0,
0, 0, 0, 0, 0, 0, 0, 0, 0, 0,
1, 0, 0, 1, 0, 0]
	For the 2th people
		[0, 0, 0, 0, 0, 0, 0, 0, 0, 0,
0, 1, 0, 1, 0, 0, 0, 0, 0, 0,
0, 0, 1, 0, 0, 0, 0, 0, 0, 0,
0, 1, 0, 0, 0, 0, 0, 0, 0, 0,
0, 0, 1, 0, 0, 0, 0, 1, 0, 0,
0, 0, 0, 0, 0, 0]
Alpha Plus values are :
[3.17179, 4.77095, 2.94274]
Alpha Negativa values are :
[0.17179, 0.885473, 0]
Beta values are :
For the person: 0
	[0, 0, 0, 0, 0, 0, 0, 0, 0, 0,
0, 1]
For the person: 1
	[0, 0, 0, 0, 0, 0, 0, 0, 0, 0,
0, 2.77095]
For the person: 2
	[0, 0, 0, 0, 0, 0, 0, 0, 0, 0,
0, 1.94274]
The objective value is : -1.28632


-------MinimizeLeadersEarning END-------


-------FindingTariffWithFiniteUtilities BEGIN-------
Warning:  Output names have been modified due to duplicate names or characters invalid in LP format.
Default row names c1, c2 ... being created.
The solution for x is:
For the 0th utility
	For the 0th people
		[0, 0, 0, 0, 0, 0, 0, 0, 0, 0,
0, 0, 1, 0, 0, 0, 0, 0, 0, 0,
0, 0, 0, 0, 0, 1, 0, 0, 0, 0,
0, 0, 0, 0, 0, 0, 0, 0, 0, 0,
0, 0, 0, 1, 0, 0, 0, 0, 0, 0,
0, 0, 0, 0, 1, 0]
	For the 1th people
		[0, 0, 0, 0, 0, 0, 0, 1, 0, 0,
0, 0, 0, 0, 0, 0, 0, 0, 0, 0,
0, 1, 0, 0, 0, 0, 0, 0, 0, 0,
0, 0, 0, 0, 0, 0, 0, 0, 0, 0,
0, 0, 0, 0, 0, 0, 1, 0, 0, 0,
0, 0, 0, 0, 0, 0]
	For the 2th people
		[0, 0, 0, 0, 0, 0, 0, 0, 0, 0,
0, 0, 0, 0, 0, 0, 0, 0, 0, 0,
0, 0, 0, 0, 0, 0, 0, 0, 1, 0,
0, 0, 0, 0, 0, 0, 0, 0, 0, 0,
0, 0, 0, 0, 0, 0, 0, 0, 0, 0,
0, 0, 0, 0, 0, 0]
For the 1th utility
	For the 0th people
		[0, 0, 0, 0, 0, 0, 0, 0, 0, 0,
0, 0, 1, 0, 0, 0, 0, 0, 0, 0,
0, 0, 0, 0, 0, 1, 0, 0, 0, 0,
0, 0, 0, 0, 0, 0, 0, 0, 0, 0,
0, 0, 0, 1, 0, 0, 0, 0, 0, 0,
0, 0, 0, 0, 1, 0]
	For the 1th people
		[0, 0, 0, 0, 0, 0, 0, 1, 0, 0,
0, 0, 0, 0, 1, 0, 0, 1, 0, 0,
0, 0, 0, 0, 0, 0, 0, 0, 0, 0,
0, 0, 0, 0, 0, 0, 0, 0, 0, 0,
0, 0, 0, 0, 0, 0, 0, 0, 0, 0,
0, 0, 0, 0, 0, 0]
	For the 2th people
		[0, 0, 0, 0, 0, 0, 0, 0, 0, 0,
0, 0, 0, 0, 0, 0, 0, 0, 0, 0,
0, 0, 0, 0, 0, 0, 0, 0, 1, 0,
0, 0, 0, 0, 0, 0, 0, 0, 0, 0,
0, 0, 0, 0, 0, 0, 0, 0, 0, 0,
0, 0, 0, 0, 0, 0]
For the 2th utility
	For the 0th people
		[0, 0, 0, 0, 0, 0, 0, 0, 0, 0,
0, 0, 1, 0, 0, 0, 0, 0, 0, 0,
0, 0, 0, 0, 0, 1, 0, 0, 0, 0,
0, 0, 0, 0, 0, 0, 0, 0, 0, 0,
0, 0, 0, 1, 0, 0, 0, 0, 0, 0,
0, 0, 0, 0, 1, 0]
	For the 1th people
		[0, 0, 0, 0, 0, 0, 0, 1, 0, 0,
0, 0, 0, 0, 1, 0, 0, 1, 0, 0,
0, 0, 0, 0, 0, 0, 0, 0, 0, 0,
0, 0, 0, 0, 0, 0, 0, 0, 0, 0,
0, 0, 0, 0, 0, 0, 0, 0, 0, 0,
0, 0, 0, 0, 0, 0]
	For the 2th people
		[0, 0, 0, 0, 0, 0, 0, 0, 0, 0,
0, 0, 0, 0, 0, 0, 0, 0, 0, 0,
0, 0, 0, 0, 0, 0, 0, 0, 1, 0,
0, 0, 0, 0, 0, 0, 0, 0, 0, 0,
0, 0, 0, 0, 0, 0, 0, 0, 0, 0,
0, 0, 0, 0, 0, 0]
For the 3th utility
	For the 0th people
		[0, 0, 0, 0, 0, 0, 0, 0, 0, 0,
0, 0, 1, 0, 0, 0, 0, 0, 0, 0,
0, 0, 0, 0, 0, 1, 0, 0, 0, 0,
0, 0, 0, 0.286317, 0, 0, 0, 0, 0, 0,
0, 0, 0, 1, 0, 0, 0, 0, 0, 0,
0, 0, 0, 0, 1, 0]
	For the 1th people
		[0, 0, 0, 0, 0, 0, 0, 0, 0, 0,
0, 0, 0, 0, 0, 0, , 0, 0, 1,
0, 0, 0, 0, 0, 0, 0, 0, 0, 0,
0, 0, 0, 0, 0, 0, 1, 0, 0, 0,
1, 0, 0, 1, 0, 0, 0, 0, 0, 0,
0, 0, 0, 0, 0, 0]
	For the 2th people
		[0, 0, 1, 0, 0, 0, 0, 0, 0, 0,
0, 0, 0, 0, 0, 0, 0, 0, 0, 0,
0, 0, 0, 0, 0, 0, 0, 1, 0, 0,
0, 0, 0, 0, 0, 0, 0, 0, 0, 0,
0, 0, 0, 0, 0, 1, 0, 0, 0, 0,
0, 0, 0, 0, 0, 0]
For the 4th utility
	For the 0th people
		[0, 0, 0, 0, 0, 0, 0, 0, 0, 0,
0, 0, 1, 0, 0, 0, 0, 0, 0, 0,
0, 0, 0, 0, 0, 1, 0, 0, 0, 0,
0, 0, 0, 0, 0, 0, 0, 0, 0, 0,
0, 0, 0, 1, 0, 0, 0, 0, 0, 0,
0, 0, 0, 0, 1, 0]
	For the 1th people
		[1, 0, 0, 0, 0, 0, 0, 0, 0, 0,
0, 0, 1, 0, 0, 1, 0, 1, 0, 0,
0, 0, 1, 0, 0, 0, 0, 1, 0, 0,
0, 0, 0, 0, 0, 0, 0, 0, 0, 0,
0, 0, 0, 0, 0, 0, 0, 0, 0, 0,
0, 0, 0, 1, 0, 0]
	For the 2th people
		[0, 0, 0, 0, 0, 0, 0, 0, 0, 0,
0, 0, 0, 0, 0, 0, 0, 0, 0, 0,
0, 0, 0, 0, 0, 0, 0, 0, 1, 0,
0, 0, 0, 0, 0, 0, 0, 0, 0, 0,
0, 0, 0, 0, 0, 0, 0, 0, 0, 0,
0, 0, 0, 0, 0, 0]
For the 5th utility
	For the 0th people
		[0, 0, 0, 0, 0, 0, 0, 0, 0, 0,
0, 0, 1, 0, 0, 0, 0, 0, 0, 0,
0, 0, 0, 0, 0, 1, 0, 0, 0, 0,
0, 0, 0, 0, 0, 0, 0, 0, 0, 0,
0, 0, 0, 1, 0, 0, 0, 0, 0, 0,
0, 0, 0, 0, 1, 0]
	For the 1th people
		[0, 0, 0, 0, 0, 0, 0, 1, 0, 0,
0, 0, 0, 0, 1, 0, 0, 1, 0, 0,
0, 0, 0, 0, 0, 0, 0, 0, 0, 0,
0, 0, 0, 0, 0, 0, 0, 0, 0, 0,
0, 0, 0, 0, 0, 0, 0, 0, 0, 0,
0, 0, 0, 0, 0, 0]
	For the 2th people
		[0, 0, 0, 0, 0, 0, 0, 0, 0, 0,
0, 0, 0, 0, 0, 0, 0, 0, 0, 0,
0, 0, 0, 0, 0, 0, 0, 0, 0, 0,
0, 0, 1, 0, 0, 0, 0, 0, 0, 0,
0, 0, 0, 0, 0, 1, 0, 0, 0, 0,
0, 0, 0, 0, 0, 0]
For the 6th utility
	For the 0th people
		[0, 0, 0, 0, 0, 0, 0, 0, 0, 0,
0, 0, 1, 0, 0, 0, 0, 0, 0, 0,
0, 0, 0, 0, 0, 1, 0, 0, 0, 0,
0, 0, 0, 0, 0, 0, 0, 0, 0, 0,
0, 0, 0, 1, 0, 0, 0, 0, 0, 0,
0, 0, 0, 0, 1, 0]
	For the 1th people
		[0, 0, 0, 0, 0, 0, 0, 0, 0, 1,
0, 0, 0, 0, 1, 0, 0, 1, 0, 0,
0, 0, 0, 0, 0, 0, 0, 0, 0, 0,
0, 0, 0, 0, 0, 0, 1, 0, 0, 0,
0, 0, 0, 0, 0, 0, 0, 0, 0, 0,
0, 0, 0, 0, 0, 0]
	For the 2th people
		[0, 0, 0, 0, 0, 0, 0, 0, 0, 0,
0, 0, 0, 0, 0, 0, 0, 0, 0, 0,
0, 0, 0, 0, 0, 0, 0, 0, 0, 0,
0, 0, 1, 0, 0, 0, 0, 0, 0, 0,
0, 0, 0, 0, 0, 1, 0, 0, 0, 0,
0, 0, 0, 0, 0, 0]
For the 7th utility
	For the 0th people
		[0, 0, 0, 0, 0, 0, 0, 0, 0, 0,
0, 0, 1, 0, 0, 0, 0, 0, 0, 0,
0, 0, 0, 0, 0, 1, 0, 0, 0, 0,
0, 0, 0, 0, 0, 0, 0, 0, 0, 0,
0, 0, 0, 1, 0, 0, 0, 0, 0, 0,
0, 0, 0, 0, 1, 0]
	For the 1th people
		[0, 0, 0, 0, 0, 0, 0, 1, 0, 0,
0, 0, 0, 0, 1, 0, 0, 1, 0, 0,
0, 0, 0, 0, 0, 0, 0, 0, 0, 0,
0, 0, 0, 0, 0, 0, 0, 0, 0, 0,
0, 0, 0, 0, 0, 0, 0, 0, 0, 0,
0, 0, 0, 0, 0, 0]
	For the 2th people
		[0, 0, 0, 0, 0, 0, 0, 0, 0, 0,
0, 0, 0, 0, 0, 0, 0, 0, 0, 0,
0, 0, 0, 0, 0, 0, 0, 0, 0, 0,
0, 0, 1, 0, 0, 0, 0, 0, 0, 0,
0, 0, 0, 0, 0, 1, 0, 0, 0, 0,
0, 0, 0, 0, 0, 0]
For the 8th utility
	For the 0th people
		[0, 0, 0, 0, 0, 0, 0, 0, 0, 0,
0, 0, 1, 0, 0, 0, 0, 0, 0, 0,
0, 0, 0, 0, 0, 1, 0, 0, 0, 0,
0, 0, 0, 0, 0, 0, 0, 0, 0, 0,
0, 0, 0, 1, 0, 0, 0, 0, 0, 0,
0, 0, 0, 0, 1, 0]
	For the 1th people
		[0, 0, 0, 0, 0, 0, 0, 0, 0, 0,
0, 0, 0, 0, 0, 0, 0, 0, 0, 0,
0, 1, 0, 0, 0, 0, 0, 0, 0, 0,
0, 0, 0, 0, 0, 0, 0, 0, 0, 0,
0, 0, 0, 0, 0, 0, 0, 0, 0, 0,
1, 0, 0, 1, 0, 0]
	For the 2th people
		[0, 0, 0, 1, 0, 0, 0, 0, 0, 0,
0, 0, 1, 0, 0, 0, 0, 0, 0, 0,
0, 0, 0, 0, 0, 0, 1, 0, 0, 0,
0, 0, 0, 0, 0, 0, 0, 0, 0, 0,
0, 0, 0, 0, 0, 1, 0, 0, 0, 0,
0, 0, 0, 0, 1, 0]
For the 9th utility
	For the 0th people
		[0, 1, 0, 0, 0, 0, 1, 0, 0, 0,
0, 0, 0, 0, 0, 0, 0, 0, 0, 0,
0, 0, 0, 0, 0, 0, 0, 0, 0, 0,
0, 0, 0, 0, 0, 0, 0, 0, 0, 0,
0, 0, 0, 0, 0, 0, 0, 0, 0, 0,
0, 0, 0, 0, 0, 0]
	For the 1th people
		[0, 0, 0, 0, 0, 0, 0, 1, 0, 0,
0, 0, 0, 0, 0, 0, 0, 0, 0, 0,
0, 1, 0, 0, 0, 0, 0, 0, 0, 0,
0, 0, 0, 0, 0, 0, 0, 0, 0, 0,
0, 0, 0, 0, 0, 0, 1, 0, 0, 0,
0, 0, 0, 0, 0, 0]
	For the 2th people
		[0, 0, 0, 0, 0, 1, 0, 0, 0, 0,
0, 0, 0, 1, 0, 0, 0, 0, 0, 0,
0, 0, 0, 0, 0, 0, 0, 0, 0, 0,
0, 0, 0, 0, 0, 0, 0, 0, 0, 0,
0, 0, 0, 0, 0, 0, 0, 1, 0, 0,
0, 0, 0, 0, 0, 0]
For the 10th utility
	For the 0th people
		[0, 1, 0, 0, 0, 0, 1, 0, 0, 0,
0, 0, 0, 0, 0, 0, 0, 0, 0, 0,
0, 0, 0, 0, 0, 0, 0, 0, 0, 0,
0, 0, 0, 0, 0, 0, 0, 0, 0, 0,
0, 0, 0, 0, 0, 0, 0, 0, 0, 0,
0, 0, 0, 0, 0, 0]
	For the 1th people
		[0, 0, 0, 0, 0, 0, 0, 0, 0, 0,
0, 0, 0, 0, 0, 0, 0, 0, 0, 0,
0, 1, 0, 0, 0, 0, 0, 0, 0, 0,
0, 0, 0, 0, 0, 0, 0, 0, 0, 0,
0, 0, 0, 0, 0, 0, 0, 0, 0, 0,
1, 0, 0, 1, 0, 0]
	For the 2th people
		[0, 0, 0, 0, 0, 1, 0, 0, 0, 0,
0, 0, 0, 0, 0, 0, 0, 0, 0, 0,
0, 0, 0, 0, 0, 0, 0, 0, 0, 0,
0, 0, 0, 0, 0, 0, 0, 0, 0, 0,
0, 0, 0, 0, 0, 1, 0, 0, 0, 0,
0, 0, 0, 0, 0, 0]
For the 11th utility
	For the 0th people
		[0, 1, 0, 0, 0, 0, 1, 0, 0, 0,
0, 0, 0, 0, 0, 0, 0, 0, 0, 0,
0, 0, 0, 0, 0, 0, 0, 0, 0, 0,
0, 0, 0, 0, 0, 0, 0, 0, 0, 0,
0, 0, 0, 0, 0, 0, 0, 0, 0, 0,
0, 0, 0, 0, 0, 0]
	For the 1th people
		[0, 0, 1, 0, 0, 0, 1, 0, 0, 0,
0, 0, 0, 0, 1, 0, 0, 1, 0, 0,
0, 0, 0, 0, 0, 0, 0, 0, 0, 0,
0, 0, 0, 0, 0, 0, 0, 0, 0, 0,
0, 0, 0, 0, 0, 0, 0, 0, 0, 0,
1, 0, 0, 1, 0, 0]
	For the 2th people
		[0, 0, 0, 0, 1, 0, 0, 0, 0, 0,
0, 0, 0, 1, 0, 0, 0, 0, 0, 0,
0, 0, 0, 0, 0, 0, 0, 0, 0, 0,
0, 0, 0, 0, 0, 0, 0, 0, 0, 0,
0, 0, 0, 0, 0, 0, 0, 0, 0, 0,
0, 0, 0, 0, 0, 0]
For the 12th utility
	For the 0th people
		[0, 1, 0, 0, 0, 0, 1, 0, 0, 0,
0, 0, 0, 0, 0, 0, 0, 0, 0, 0,
0, 0, 0, 0, 0, 0, 0, 0, 0, 0,
0, 0, 0, 0, 0, 0, 0, 0, 0, 0,
0, 0, 0, 0, 0, 0, 0, 0, 0, 0,
0, 0, 0, 0, 0, 0]
	For the 1th people
		[0, 0, 0, 0, 0, 0, 0, 0, 0, 0,
0, 0, 0, 0, 0, 0, 0, 0, 0, 0,
0, 1, 0, 0, 0, 0, 0, 0, 0, 0,
0, 0, 0, 0, 0, 0, 0, 0, 0, 0,
0, 0, 0, 0, 0, 0, 0, 0, 0, 0,
1, 0, 0, 1, 0, 0]
	For the 2th people
		[0, 0, 0, 0, 0, 0, 0, 0, 0, 0,
0, 0, 0, 0, 0, 0, 0, 0, 0, 0,
0, 0, 0, 0, 0, 0, 0, 0, 0, 0,
0, 0, 1, 0, 0, 0, 0, 0, 0, 0,
0, 0, 0, 0, 0, 1, 0, 0, 0, 0,
0, 0, 0, 0, 0, 0]
The solution for q is:
[0, 2, 0.0572634, 0.885473, 1, 1.05726, 0.82821, 2, 0.114527, 1,
0.770946, 0.942737, 0, 1, 1, 0.114527, 0.17179, 0, 1, 1,
2, 1, 0, 0.114527, 1, 0.770946, 0.942737, 0.885473, 1, 0.885473,
1.05726, 0.942737, 1.05726, 0, 0, 0, 1, 0, 0, 0,
0, 1.22905, 1, 1.22905, 0, 0, 0, 0, 0.114527, 1,
0, 0, 2, 2, 0, 2]
Alpha Plus values are :
[2, 3, 1]
Alpha Plus values are :
[2, 3, 1]
Alpha Plus values are :
[2, 3, 1.82821]
Alpha Plus values are :
[2, 3.22905, 1.94274]
Alpha Plus values are :
[2, 3, 1]
Alpha Plus values are :
[2, 3, 2.05726]
Alpha Plus values are :
[2, 3, 2.05726]
Alpha Plus values are :
[2, 3, 2.05726]
Alpha Plus values are :
[2, 3, 2]
Alpha Plus values are :
[2.82821, 3, 2.22905]
Alpha Plus values are :
[3, 3.22905, 2.11453]
Alpha Plus values are :
[3, 3.88547, 2.94274]
Alpha Plus values are :
[3, 3.94274, 2.94274]
Alpha Negativa values are :
[0, 0, 0]
Alpha Negativa values are :
[0, 0, 0]
Alpha Negativa values are :
[0, 0, 0]
Alpha Negativa values are :
[0, 0, 0]
Alpha Negativa values are :
[0, 0, 0]
Alpha Negativa values are :
[0, 0, 0]
Alpha Negativa values are :
[0, 0, 0]
Alpha Negativa values are :
[0, 0, 0]
Alpha Negativa values are :
[0, 0, 0]
Alpha Negativa values are :
[0, 0, 0]
Alpha Negativa values are :
[0, 0, 0]
Alpha Negativa values are :
[0, 0, 0]
Alpha Negativa values are :
[0, 0.0572634, 0]
Maximum objective value is: 4.88547

-------FindingTariffWithFiniteUtilities END-------
The new utility is 12 different and there are 12 amount of utilities.


Current set of utilities: 
[[0, 0, 0, 0, 0, 0, 0, 0, 0, 2,
0, 0, 0, 0, 0, 0, 0, 0, 0, 0,
0, 0, 0, 0, 0, 0, 0, 0, 0, 0,
0, 0, 0, 0, 0, 0, 0, 0, 0, 0,
0, 0, 0, 0, 0, 0, 0, 0, 0, 0,
0, 0, 0, 0, 0, 0], [0, 0, 0, 0, 0, 0, 0, 0, 0, 1,
0, 0, 0, 2, 0, 0, 0, 0, 0, 0,
0, 0, 0, 0, 0, 0, 0, 0, 1, 0,
0, 0, 0, 0, 0, 0, 0, 2, 0, 0,
0, 0, 0, 0, 0, 0, 0, 1, 0, 0,
0, 0, 0, 0, 0, 0], [0, 0, 0, 0, 0, 0, 0, 0, 0, 0,
0, 0, 0, 0, 0, 0, 1, 0, 0, 0,
0, 0, 0, 0, 0, 0, 0, 0, 0, 0,
0, 0, 1, 1, 0, 0, 0, 0, 0, 0,
0, 0, 0, 0, 0, 1, 0, 0, 0, 0,
0, 0, 2, 1.10373, 0, 0]] [[0, 0, 0, 0, 0, 0, 0, 0, 0, 2,
0, 0, 0, 0, 0, 0, 0, 0, 0, 0,
0, 0, 0, 0, 0, 0, 0, 0, 0, 0,
0, 0, 0, 0, 0, 0, 0, 0, 0, 0,
0, 0, 0, 0, 0, 0, 0, 0, 0, 0,
0, 0, 0, 0, 0, 0], [0, 0, 0, 0, 3, 0, 0, 0, 0, 0,
0, 0, 0, 0, 0, 0, 0, 0, 0, 0,
0, 0, 0, 0, 0, 0, 0, 0, 0, 0,
0, 0, 0, 0, 0, 0, 0, 0, 0, 0,
0, 0, 0, 0, 0, 0, 0, 0, 0, 0,
0, 0, 0, 0, 0, 0], [0, 0, 0, 0, 0, 0, 0, 0, 0, 0,
0, 0, 0, 0, 0, 0, 1, 0, 0, 0,
0, 0, 0, 0, 0, 0, 0, 0, 0, 1,
0, 0, 0, 1, 0, 0, 0, 0, 0, 0,
0, 0, 0, 0, 0, 1, 0, 1, 0, 0,
1, 0, 0, 0, 0, 0]] [[0, 0, 0, 0, 0, 0, 0, 0, 0, 2,
0, 0, 0, 0, 0, 0, 0, 0, 0, 0,
0, 0, 0, 0, 0, 0, 0, 0, 0, 0,
0, 0, 0, 0, 0, 0, 0, 0, 0, 0,
0, 0, 0, 0, 0, 0, 0, 0, 0, 0,
0, 0, 0, 0, 0, 0], [0, 0, 0, 0, 0, 0, 0, 0, 0, 1,
0, 0, 0, 0, 0, 0, 0, 0, 0, 0,
0, 0, 0, 0, 0, 0, 0, 0, 0, 0,
0, 0, 0, 0, 0, 0, 0, 0, 0, 0,
0, 0, 0, 0, 0, 0, 0, 0, 0, 0,
0, 0, 0, 0, 0, 0], [0, 0, 0, 0, 0.82821, 0, 0, 0, 0, 0,
0, 0, 0, 0, 0, 0, 0.82821, 0, 0, 0,
0, 0, 0, 0, 0, 0, 0, 0, 0.82821, 0,
0, 0, 0, 1, 0, 0, 0, 0, 0, 0,
0, 0.82821, 0, 0, 0, 1, 0, 0, 0, 0,
0, 0, 0, 0, 0, 0]] [[0, 0, 0, 0, 0, 0, 0, 0, 0, 2,
0, 0, 0, 0, 0, 0, 0, 0, 0, 0,
0, 0, 0, 0, 0, 0, 0, 0, 0, 0,
0, 0, 0, 0, 0, 0, 0, 0, 0, 0,
0, 0, 0, 0, 0, 0, 0, 0, 0, 0,
0, 0, 0, 0, 0, 0], [0, 0, 0, 0, 0, 0, 3, 1, 0, 1,
0, 0, 0, 0, 0, 0, 0, 0, 0, 0,
0, 0, 0, 0, 0, 0, 0, 0, 0, 0,
0, 0, 0, 0, 0, 0, 0, 0, 0, 0,
0, 0, 0, 0, 0, 0, 0, 0, 0, 0,
0, 0, 0, 1, 0, 0], [0, 0, 0, 0.17179, 1, 0, 3, 1, 0, 0,
0, 0, 1, 0, 0, 0, 1, 0, 0, 0,
0, 0, 0, 0, 0, 0, 0, 0, 3, 0.82821,
0, 0, 0, 1, 0, 0, 2, 0, 0, 0,
0, 0, 0, 0, 0, 1, 0, 1, 0, 0,
0, 0, 2, 3, 0, 0]] [[0, 0, 0, 0, 0, 0, 0, 0, 0, 2,
0, 0, 0, 0, 0, 0, 0, 0, 0, 0,
0, 0, 0, 0, 0, 0, 0, 0, 0, 0,
0, 0, 0, 0, 0, 0, 0, 0, 0, 0,
0, 0, 0, 0, 0, 0, 0, 0, 0, 0,
0, 0, 0, 0, 0, 0], [0, 0, 0, 0, 1.21375e-13, 1, 0, 0, 0, 0,
0, 0, 0, 0, 2, 0, 0, 0, 0, 0,
0, 0, 0, 0, 0, 0, 0, 0, 0, 0,
0, 0, 0, 0, 0, 0, 0, 0, 0, 0,
0, 0, 0, 0, 0, 0, 3, 0, 0, 0,
2, 0, 0, 0, 0, 0], [0, 0, 0, 0, 0, 0, 0, 0, 0, 0,
0, 0, 0, 0, 0, 0, 0.82821, 0, 0, 0,
0, 0, 0, 0, 0, 0, 0, 0, 0, 0.82821,
0, 0, 0, 1, 0, 0, 0, 0, 0, 0,
0, 0, 0, 0, 0, 1, 0, 0, 0, 0,
0, 0, 0, 0, 0, 0]] [[0, 0, 0, 0, 0, 0, 0, 0, 0, 2,
1, 1e-09, 0, 0, 0, 0, 0, 0, 0, 0,
0, 0, 0, 0, 0, 0, 0, 0, 0, 0,
0, 0, 0, 0, 0, 1, 0, 0, 0, 0,
0, 0, 0, 0, 0, 0, 0, 0, 0, 0,
0, 0, 0, 0, 0, 0], [0, 0, 0, 0, 0, 0, 0, 0, 0, 0,
0, 0, 0, 0, 0, 0, 2, 0, 0, 0,
0, 0, 0, 0, 0, 0, 0, 3, 0, 0,
3, 0, 0, 0, 0, 0, 0, 0, 0, 0,
0, 0, 0, 0, 0, 0, 0, 1, 0, 0,
0, 0, 0, 0, 0, 0], [0, 0, 0, 1, 2, 0, 3, 1, 0, 0,
0, 0, 1, 0, 0, 0, 1, 0, 0, 0,
0, 0, 0, 0, 0, 0, 0, 2, 3, 0,
0, 0, 0, 1, 0, 0, 2, 0, 0, 0,
0, 0, 0, 0, 0, 1, 3, 1, 0, 0,
0, 0, 1, 3, 0, 0]] [[0, 0, 0, 0, 0, 0, 0, 0, 0, 2,
0, 0, 0, 0, 0, 0, 0, 1, 0, 0,
0, 0, 0, 0, 0, 0, 0, 0, 0, 0,
0, 0, 0, 0, 0, 1, 0, 0, 0, 0,
0, 0, 0, 0, 0, 0, 0, 0, 0, 0,
0, 0, 0, 0, 0, 0], [0, 0, 0, 0, 0, 0, 0, 0, 0, 0,
0, 0, 0, 0, 0, 0, 0, 0, 0, 0,
0, 0, 0, 0, 0, 0, 0, 0, 0, 0,
0, 0, 0, 0, 0, 0, 0, 0, 0, 0,
0, 0, 0, 0, 0, 0, 0, 0, 0, 0,
0, 0, 0, 0, 0, 0], [0, 0, 0, 0.17179, 3, 0, 3, 1, 0, 0,
0, 0, 0, 0, 0, 0, 1, 0, 0, 0,
0, 0, 0, 0, 0, 0, 1, 2, 3, 1,
0, 0, 0, 0, 0, 0, 2, 0, 0, 0,
0, 2, 0, 2, 0, 1, 3, 1, 0, 0,
0, 0, 0, 3, 0, 0]] [[0, 0, 0, 0, 0, 0, 0, 0, 0, 2,
0, 0, 0, 0, 0, 0, 0, 0, 0, 0,
0, 0, 0, 0, 0, 0, 0, 0, 0, 0,
0, 0, 0, 0, 0, 0, 0, 0, 0, 0,
0, 0, 0, 0, 0, 0, 0, 0, 0, 0,
0, 0, 0, 0, 0, 0], [0, 0, 0, 0, 0, 0, 0, 0, 0, 0,
0, 0, 0, 0, 0, 0, 0, 0, 0, 0,
0, 0, 0, 0, 0, 0, 1, 0, 0, 0,
0, 0, 0, 0, 0, 0, 0, 0, 0, 0,
0, 0, 0, 0, 0, 0, 0, 0, 0, 0,
0, 0, 0, 0, 0, 0], [0, 0, 0, 0.17179, 1, 0, 3, 1, 0, 0,
0, 0, 0, 0, 0, 0, 1, 0, 0, 0,
0, 0, 0, 0, 0, 0, 0, 2, 3, 1,
0, 0, 0, 1, 0, 0, 2, 0, 0, 0,
0, 0, 0, 2, 0, 1, 3, 1, 0, 0,
0, 0, 0, 3, 0, 0]] [[0, 0, 0, 0, 0, 0, 0, 0, 0, 1,
0, 0, 0, 0, 0, 0, 0, 0, 0, 0,
0, 0, 0, 0, 0, 0, 0, 0, 0, 0,
0, 0, 0, 0, 0, 0, 0, 0, 0, 0,
0, 0, 0, 0, 0, 0, 0, 0, 0, 0,
0, 0, 0, 0, 0, 0], [0, 0, 0, 0, 0, 0, 0, 0, 0, 0,
0, 0, 0, 1, 2, 0, 1.20765, 0, 0, 0,
0, 0, 0, 0, 0, 0, 0, 0, 0, 3,
0, 0, 0, 0, 0, 0, 0, 0, 0, 0,
0, 0, 0, 0, 0, 1, 3, 0, 0, 0,
0, 0, 0, 0, 0, 0], [0, 0, 0, 0.17179, 0, 2, 3, 1, 0, 0,
0, 0, 0, 0, 0, 0, 1, 0, 0, 0,
0, 0, 0, 0, 0, 0, 0, 2, 3, 1,
0, 0, 1, 0, 0, 0, 2, 0, 0, 0,
0, 2, 0, 2, 0, 0, 0, 0, 0, 0,
0, 0, 0, 3, 0, 0]] [[3, 0, 0, 0, 0, 0, 0, 0, 0, 2,
0, 1, 1, 0, 0, 0, 0, 1, 0, 0,
3, 1, 0, 0, 0, 1, 0, 0, 0, 0,
0, 0, 0, 0, 0, 1, 2, 0, 0, 2,
0, 0, 0.17179, 2, 0, 0, 0, 0, 1, 0,
0, 0, 0, 0, 0, 2], [0, 0, 0, 0, 0, 0, 0, 0, 0, 0,
0, 0, 0, 0, 0, 0, 0.82821, 0, 0, 0,
0, 0, 0, 0, 0, 0, 0, 0, 0, 0,
0, 0, 0, 0, 0, 0, 0, 0, 0, 0,
0, 0, 0, 0, 0, 1, 0, 0, 0, 0,
0, 0, 0, 0, 0, 0], [0, 0, 0, 0.17179, 0.343581, 0.17179, 0.17179, 0, 0, 0,
0, 0, 0, 0, 0, 0, 0.82821, 0, 0, 0,
0, 0, 0, 0, 0, 0, 0, 1.34358, 2.17179, 1,
0, 0, 0.17179, 1, 0, 0, 0, 0, 0, 0,
0, 0.17179, 0.17179, 0, 0, 1, 0, 0, 0, 0,
0, 0, 0, 0, 0, 1.17179]] [[3, 0, 3, 0, 0, 0.114527, 0.17179, 0, 0, 2,
1, 0.770946, 0.82821, 0, 0, 0, 0, 1, 2, 0,
3, 1, 0, 0, 0, 1, 0, 2, 0, 0,
0, 0, 2, 0, 0, 0, 2, 0, 0, 1.94274,
0, 0, 0, 2, 0, 0, 0, 1, 1, 0,
0, 0, 0, 0, 0, 0], [0, 0, 0, 0, 2.22737, 0, 0, 0.229054, 0, 0,
0, 0, 2, 0, 0.82821, 0, 0, 0, 0, 0,
0, 0.229054, 0, 2, 0, 0, 0.0572634, 3, 0, 0.82821,
0, 0, 0.0572634, 0, 0, 0, 1.05726, 0, 0, 0,
0, 0, 0, 0, 0, 0, 0, 1, 0, 0,
0, 0, 0, 0, 0, 0], [0, 0, 0, 0, 0.885473, 0.0572634, 3, 1, 0, 0,
0, 0, 0.229054, 0, 0, 0, 1, 0, 0, 0,
0, 0, 0, 0, 0, 0, 0, 2, 3, 0,
0, 0, 1, 1, 0, 0, 2, 0, 0, 0,
0, 2, 0.114527, 2, 0, 1, 3, 1, 0, 0,
0, 0, 0, 3, 0, 0]] [[0, 0.17179, 0, 0, 0, 1.94274, 0, 0, 0.82821, 2,
0, 0, 0, 0, 0, 0, 0, 1, 1.82821, 0,
2.82821, 1, 0, 0.82821, 0, 1, 0, 2, 0, 0,
0, 0, 1.94274, 0, 0, 1, 1, 0, 0, 0.770946,
0, 0, 0, 1.94274, 0.656419, 0, 0, 0.82821, 0.82821, 0,
0, 0, 0.17179, 0, 0, 0], [0, 0, 0, 0, 0, 1, 0, 0.885473, 0, 0,
0, 0, 0.885473, 0, 0, 0, 0, 0, 0, 0,
0, 0.885473, 0, 0, 0, 0, 1, 1.65642, 0, 0.82821,
0, 0, 0.885473, 0, 0, 0, 1.88547, 0, 0, 0,
0, 0, 0, 0, 0, 0, 0, 1, 0, 0,
0, 0, 0, 0, 0, 0], [0, 0, 0, 0.17179, 0.942737, 2, 3, 1, 0, 0,
0, 0, 0.713683, 0, 0, 0, 1, 0, 0, 0,
0, 0, 0, 0, 0, 0, 1, 2, 3, 0.82821,
0, 0, 1, 1, 0, 1, 2, 0, 0, 0,
0, 2, 0.0572634, 0.942737, 0, 1, 0, 0, 0, 0,
0, 0, 0, 3, 0, 0]] [[0, 0, 0, 0, 0, 0.114527, 0.17179, 0, 0.770946, 2,
0, 0.114527, 1, 0, 0, 0, 0, 0, 0, 0,
0, 0, 0, 0, 0, 0, 0, 0, 0, 0,
0, 0, 0, 0, 0, 1, 0, 0, 0, 0.770946,
0, 0, 0, 2, 0, 0, 0, 0, 0, 0,
0, 0, 0, 0, 0, 1.17179], [0, 0, 0, 0, 0, 1, 3, 0.885473, 0, 0.17179,
0, 0, 0.885473, 0, 0.885473, 0, 0, 0, 0, 0,
0, 0.885473, 0, 0, 0, 0, 1, 1.82821, 0, 0.17179,
0, 1, 0.885473, 0, 0, 0, 0.713683, 0, 0, 3,
0, 0, 0, 0, 0, 0, 0, 0, 0, 0,
0, 0, 0, 0, 0, 0], [0, 0, 0, 0.17179, 0.942737, 0.885473, 3, 1, 0, 0,
0, 0, 1, 0, 0, 0, 1, 0, 0, 0,
0, 0, 0, 0, 0, 0, 0.713683, 2, 3, 1,
0, 0, 0.885473, 1, 0, 1, 2, 0, 0, 0,
0, 2, 0, 2, 0, 1, 0, 0, 0, 0,
0, 0, 0, 3, 0, 1.05726]] 


Current set of utilities: 
[[0, 0, 0, 0, 0, 0, 0, 0, 0, 2,
0, 0, 0, 0, 0, 0, 0, 0, 0, 0,
0, 0, 0, 0, 0, 0, 0, 0, 0, 0,
0, 0, 0, 0, 0, 0, 0, 0, 0, 0,
0, 0, 0, 0, 0, 0, 0, 0, 0, 0,
0, 0, 0, 0, 0, 0], [0, 0, 0, 0, 0, 0, 0, 0, 0, 1,
0, 0, 0, 2, 0, 0, 0, 0, 0, 0,
0, 0, 0, 0, 0, 0, 0, 0, 1, 0,
0, 0, 0, 0, 0, 0, 0, 2, 0, 0,
0, 0, 0, 0, 0, 0, 0, 1, 0, 0,
0, 0, 0, 0, 0, 0], [0, 0, 0, 0, 0, 0, 0, 0, 0, 0,
0, 0, 0, 0, 0, 0, 1, 0, 0, 0,
0, 0, 0, 0, 0, 0, 0, 0, 0, 0,
0, 0, 1, 1, 0, 0, 0, 0, 0, 0,
0, 0, 0, 0, 0, 1, 0, 0, 0, 0,
0, 0, 2, 1.10373, 0, 0]] [[0, 0, 0, 0, 0, 0, 0, 0, 0, 2,
0, 0, 0, 0, 0, 0, 0, 0, 0, 0,
0, 0, 0, 0, 0, 0, 0, 0, 0, 0,
0, 0, 0, 0, 0, 0, 0, 0, 0, 0,
0, 0, 0, 0, 0, 0, 0, 0, 0, 0,
0, 0, 0, 0, 0, 0], [0, 0, 0, 0, 3, 0, 0, 0, 0, 0,
0, 0, 0, 0, 0, 0, 0, 0, 0, 0,
0, 0, 0, 0, 0, 0, 0, 0, 0, 0,
0, 0, 0, 0, 0, 0, 0, 0, 0, 0,
0, 0, 0, 0, 0, 0, 0, 0, 0, 0,
0, 0, 0, 0, 0, 0], [0, 0, 0, 0, 0, 0, 0, 0, 0, 0,
0, 0, 0, 0, 0, 0, 1, 0, 0, 0,
0, 0, 0, 0, 0, 0, 0, 0, 0, 1,
0, 0, 0, 1, 0, 0, 0, 0, 0, 0,
0, 0, 0, 0, 0, 1, 0, 1, 0, 0,
1, 0, 0, 0, 0, 0]] [[0, 0, 0, 0, 0, 0, 0, 0, 0, 2,
0, 0, 0, 0, 0, 0, 0, 0, 0, 0,
0, 0, 0, 0, 0, 0, 0, 0, 0, 0,
0, 0, 0, 0, 0, 0, 0, 0, 0, 0,
0, 0, 0, 0, 0, 0, 0, 0, 0, 0,
0, 0, 0, 0, 0, 0], [0, 0, 0, 0, 0, 0, 0, 0, 0, 1,
0, 0, 0, 0, 0, 0, 0, 0, 0, 0,
0, 0, 0, 0, 0, 0, 0, 0, 0, 0,
0, 0, 0, 0, 0, 0, 0, 0, 0, 0,
0, 0, 0, 0, 0, 0, 0, 0, 0, 0,
0, 0, 0, 0, 0, 0], [0, 0, 0, 0, 0.82821, 0, 0, 0, 0, 0,
0, 0, 0, 0, 0, 0, 0.82821, 0, 0, 0,
0, 0, 0, 0, 0, 0, 0, 0, 0.82821, 0,
0, 0, 0, 1, 0, 0, 0, 0, 0, 0,
0, 0.82821, 0, 0, 0, 1, 0, 0, 0, 0,
0, 0, 0, 0, 0, 0]] [[0, 0, 0, 0, 0, 0, 0, 0, 0, 2,
0, 0, 0, 0, 0, 0, 0, 0, 0, 0,
0, 0, 0, 0, 0, 0, 0, 0, 0, 0,
0, 0, 0, 0, 0, 0, 0, 0, 0, 0,
0, 0, 0, 0, 0, 0, 0, 0, 0, 0,
0, 0, 0, 0, 0, 0], [0, 0, 0, 0, 0, 0, 3, 1, 0, 1,
0, 0, 0, 0, 0, 0, 0, 0, 0, 0,
0, 0, 0, 0, 0, 0, 0, 0, 0, 0,
0, 0, 0, 0, 0, 0, 0, 0, 0, 0,
0, 0, 0, 0, 0, 0, 0, 0, 0, 0,
0, 0, 0, 1, 0, 0], [0, 0, 0, 0.17179, 1, 0, 3, 1, 0, 0,
0, 0, 1, 0, 0, 0, 1, 0, 0, 0,
0, 0, 0, 0, 0, 0, 0, 0, 3, 0.82821,
0, 0, 0, 1, 0, 0, 2, 0, 0, 0,
0, 0, 0, 0, 0, 1, 0, 1, 0, 0,
0, 0, 2, 3, 0, 0]] [[0, 0, 0, 0, 0, 0, 0, 0, 0, 2,
0, 0, 0, 0, 0, 0, 0, 0, 0, 0,
0, 0, 0, 0, 0, 0, 0, 0, 0, 0,
0, 0, 0, 0, 0, 0, 0, 0, 0, 0,
0, 0, 0, 0, 0, 0, 0, 0, 0, 0,
0, 0, 0, 0, 0, 0], [0, 0, 0, 0, 1.21375e-13, 1, 0, 0, 0, 0,
0, 0, 0, 0, 2, 0, 0, 0, 0, 0,
0, 0, 0, 0, 0, 0, 0, 0, 0, 0,
0, 0, 0, 0, 0, 0, 0, 0, 0, 0,
0, 0, 0, 0, 0, 0, 3, 0, 0, 0,
2, 0, 0, 0, 0, 0], [0, 0, 0, 0, 0, 0, 0, 0, 0, 0,
0, 0, 0, 0, 0, 0, 0.82821, 0, 0, 0,
0, 0, 0, 0, 0, 0, 0, 0, 0, 0.82821,
0, 0, 0, 1, 0, 0, 0, 0, 0, 0,
0, 0, 0, 0, 0, 1, 0, 0, 0, 0,
0, 0, 0, 0, 0, 0]] [[0, 0, 0, 0, 0, 0, 0, 0, 0, 2,
1, 1e-09, 0, 0, 0, 0, 0, 0, 0, 0,
0, 0, 0, 0, 0, 0, 0, 0, 0, 0,
0, 0, 0, 0, 0, 1, 0, 0, 0, 0,
0, 0, 0, 0, 0, 0, 0, 0, 0, 0,
0, 0, 0, 0, 0, 0], [0, 0, 0, 0, 0, 0, 0, 0, 0, 0,
0, 0, 0, 0, 0, 0, 2, 0, 0, 0,
0, 0, 0, 0, 0, 0, 0, 3, 0, 0,
3, 0, 0, 0, 0, 0, 0, 0, 0, 0,
0, 0, 0, 0, 0, 0, 0, 1, 0, 0,
0, 0, 0, 0, 0, 0], [0, 0, 0, 1, 2, 0, 3, 1, 0, 0,
0, 0, 1, 0, 0, 0, 1, 0, 0, 0,
0, 0, 0, 0, 0, 0, 0, 2, 3, 0,
0, 0, 0, 1, 0, 0, 2, 0, 0, 0,
0, 0, 0, 0, 0, 1, 3, 1, 0, 0,
0, 0, 1, 3, 0, 0]] [[0, 0, 0, 0, 0, 0, 0, 0, 0, 2,
0, 0, 0, 0, 0, 0, 0, 1, 0, 0,
0, 0, 0, 0, 0, 0, 0, 0, 0, 0,
0, 0, 0, 0, 0, 1, 0, 0, 0, 0,
0, 0, 0, 0, 0, 0, 0, 0, 0, 0,
0, 0, 0, 0, 0, 0], [0, 0, 0, 0, 0, 0, 0, 0, 0, 0,
0, 0, 0, 0, 0, 0, 0, 0, 0, 0,
0, 0, 0, 0, 0, 0, 0, 0, 0, 0,
0, 0, 0, 0, 0, 0, 0, 0, 0, 0,
0, 0, 0, 0, 0, 0, 0, 0, 0, 0,
0, 0, 0, 0, 0, 0], [0, 0, 0, 0.17179, 3, 0, 3, 1, 0, 0,
0, 0, 0, 0, 0, 0, 1, 0, 0, 0,
0, 0, 0, 0, 0, 0, 1, 2, 3, 1,
0, 0, 0, 0, 0, 0, 2, 0, 0, 0,
0, 2, 0, 2, 0, 1, 3, 1, 0, 0,
0, 0, 0, 3, 0, 0]] [[0, 0, 0, 0, 0, 0, 0, 0, 0, 2,
0, 0, 0, 0, 0, 0, 0, 0, 0, 0,
0, 0, 0, 0, 0, 0, 0, 0, 0, 0,
0, 0, 0, 0, 0, 0, 0, 0, 0, 0,
0, 0, 0, 0, 0, 0, 0, 0, 0, 0,
0, 0, 0, 0, 0, 0], [0, 0, 0, 0, 0, 0, 0, 0, 0, 0,
0, 0, 0, 0, 0, 0, 0, 0, 0, 0,
0, 0, 0, 0, 0, 0, 1, 0, 0, 0,
0, 0, 0, 0, 0, 0, 0, 0, 0, 0,
0, 0, 0, 0, 0, 0, 0, 0, 0, 0,
0, 0, 0, 0, 0, 0], [0, 0, 0, 0.17179, 1, 0, 3, 1, 0, 0,
0, 0, 0, 0, 0, 0, 1, 0, 0, 0,
0, 0, 0, 0, 0, 0, 0, 2, 3, 1,
0, 0, 0, 1, 0, 0, 2, 0, 0, 0,
0, 0, 0, 2, 0, 1, 3, 1, 0, 0,
0, 0, 0, 3, 0, 0]] [[0, 0, 0, 0, 0, 0, 0, 0, 0, 1,
0, 0, 0, 0, 0, 0, 0, 0, 0, 0,
0, 0, 0, 0, 0, 0, 0, 0, 0, 0,
0, 0, 0, 0, 0, 0, 0, 0, 0, 0,
0, 0, 0, 0, 0, 0, 0, 0, 0, 0,
0, 0, 0, 0, 0, 0], [0, 0, 0, 0, 0, 0, 0, 0, 0, 0,
0, 0, 0, 1, 2, 0, 1.20765, 0, 0, 0,
0, 0, 0, 0, 0, 0, 0, 0, 0, 3,
0, 0, 0, 0, 0, 0, 0, 0, 0, 0,
0, 0, 0, 0, 0, 1, 3, 0, 0, 0,
0, 0, 0, 0, 0, 0], [0, 0, 0, 0.17179, 0, 2, 3, 1, 0, 0,
0, 0, 0, 0, 0, 0, 1, 0, 0, 0,
0, 0, 0, 0, 0, 0, 0, 2, 3, 1,
0, 0, 1, 0, 0, 0, 2, 0, 0, 0,
0, 2, 0, 2, 0, 0, 0, 0, 0, 0,
0, 0, 0, 3, 0, 0]] [[3, 0, 0, 0, 0, 0, 0, 0, 0, 2,
0, 1, 1, 0, 0, 0, 0, 1, 0, 0,
3, 1, 0, 0, 0, 1, 0, 0, 0, 0,
0, 0, 0, 0, 0, 1, 2, 0, 0, 2,
0, 0, 0.17179, 2, 0, 0, 0, 0, 1, 0,
0, 0, 0, 0, 0, 2], [0, 0, 0, 0, 0, 0, 0, 0, 0, 0,
0, 0, 0, 0, 0, 0, 0.82821, 0, 0, 0,
0, 0, 0, 0, 0, 0, 0, 0, 0, 0,
0, 0, 0, 0, 0, 0, 0, 0, 0, 0,
0, 0, 0, 0, 0, 1, 0, 0, 0, 0,
0, 0, 0, 0, 0, 0], [0, 0, 0, 0.17179, 0.343581, 0.17179, 0.17179, 0, 0, 0,
0, 0, 0, 0, 0, 0, 0.82821, 0, 0, 0,
0, 0, 0, 0, 0, 0, 0, 1.34358, 2.17179, 1,
0, 0, 0.17179, 1, 0, 0, 0, 0, 0, 0,
0, 0.17179, 0.17179, 0, 0, 1, 0, 0, 0, 0,
0, 0, 0, 0, 0, 1.17179]] [[3, 0, 3, 0, 0, 0.114527, 0.17179, 0, 0, 2,
1, 0.770946, 0.82821, 0, 0, 0, 0, 1, 2, 0,
3, 1, 0, 0, 0, 1, 0, 2, 0, 0,
0, 0, 2, 0, 0, 0, 2, 0, 0, 1.94274,
0, 0, 0, 2, 0, 0, 0, 1, 1, 0,
0, 0, 0, 0, 0, 0], [0, 0, 0, 0, 2.22737, 0, 0, 0.229054, 0, 0,
0, 0, 2, 0, 0.82821, 0, 0, 0, 0, 0,
0, 0.229054, 0, 2, 0, 0, 0.0572634, 3, 0, 0.82821,
0, 0, 0.0572634, 0, 0, 0, 1.05726, 0, 0, 0,
0, 0, 0, 0, 0, 0, 0, 1, 0, 0,
0, 0, 0, 0, 0, 0], [0, 0, 0, 0, 0.885473, 0.0572634, 3, 1, 0, 0,
0, 0, 0.229054, 0, 0, 0, 1, 0, 0, 0,
0, 0, 0, 0, 0, 0, 0, 2, 3, 0,
0, 0, 1, 1, 0, 0, 2, 0, 0, 0,
0, 2, 0.114527, 2, 0, 1, 3, 1, 0, 0,
0, 0, 0, 3, 0, 0]] [[0, 0.17179, 0, 0, 0, 1.94274, 0, 0, 0.82821, 2,
0, 0, 0, 0, 0, 0, 0, 1, 1.82821, 0,
2.82821, 1, 0, 0.82821, 0, 1, 0, 2, 0, 0,
0, 0, 1.94274, 0, 0, 1, 1, 0, 0, 0.770946,
0, 0, 0, 1.94274, 0.656419, 0, 0, 0.82821, 0.82821, 0,
0, 0, 0.17179, 0, 0, 0], [0, 0, 0, 0, 0, 1, 0, 0.885473, 0, 0,
0, 0, 0.885473, 0, 0, 0, 0, 0, 0, 0,
0, 0.885473, 0, 0, 0, 0, 1, 1.65642, 0, 0.82821,
0, 0, 0.885473, 0, 0, 0, 1.88547, 0, 0, 0,
0, 0, 0, 0, 0, 0, 0, 1, 0, 0,
0, 0, 0, 0, 0, 0], [0, 0, 0, 0.17179, 0.942737, 2, 3, 1, 0, 0,
0, 0, 0.713683, 0, 0, 0, 1, 0, 0, 0,
0, 0, 0, 0, 0, 0, 1, 2, 3, 0.82821,
0, 0, 1, 1, 0, 1, 2, 0, 0, 0,
0, 2, 0.0572634, 0.942737, 0, 1, 0, 0, 0, 0,
0, 0, 0, 3, 0, 0]] [[0, 0, 0, 0, 0, 0.114527, 0.17179, 0, 0.770946, 2,
0, 0.114527, 1, 0, 0, 0, 0, 0, 0, 0,
0, 0, 0, 0, 0, 0, 0, 0, 0, 0,
0, 0, 0, 0, 0, 1, 0, 0, 0, 0.770946,
0, 0, 0, 2, 0, 0, 0, 0, 0, 0,
0, 0, 0, 0, 0, 1.17179], [0, 0, 0, 0, 0, 1, 3, 0.885473, 0, 0.17179,
0, 0, 0.885473, 0, 0.885473, 0, 0, 0, 0, 0,
0, 0.885473, 0, 0, 0, 0, 1, 1.82821, 0, 0.17179,
0, 1, 0.885473, 0, 0, 0, 0.713683, 0, 0, 3,
0, 0, 0, 0, 0, 0, 0, 0, 0, 0,
0, 0, 0, 0, 0, 0], [0, 0, 0, 0.17179, 0.942737, 0.885473, 3, 1, 0, 0,
0, 0, 1, 0, 0, 0, 1, 0, 0, 0,
0, 0, 0, 0, 0, 0, 0.713683, 2, 3, 1,
0, 0, 0.885473, 1, 0, 1, 2, 0, 0, 0,
0, 2, 0, 2, 0, 1, 0, 0, 0, 0,
0, 0, 0, 3, 0, 1.05726]] 
Leader's current maximum profit: 4.88547

Every leader's profit we have encountered
4.885 5.057 5.171 6 7 
0
