10
0 
1 8 
1 3 
0 
2 3 6 
0 
1 1 
0 
1 3 
2 2 4 
9 4 3
9 2 2
8 3 2
6 1 2
4 6 2
4 3 3
2 3 2
1 8 2
2
9 1 1 8 
12
1 1 8 1 2 
1 2 3 1 2 
1 4 3 1 2 
1 4 6 1 3 
1 6 1 1 1 
1 8 3 1 1 
1 9 2 1 1 
1 9 4 1 1 
2 2 3 1 8 3 1 5.92016 
2 1 8 1 9 2 1 5.49727 
2 4 6 1 9 4 1 4.59461 
2 1 8 1 4 6 1 5.8457 
24
1 0 1 8 1 1 
1 0 2 3 1 3 
1 0 4 3 1 3 
1 0 4 6 1 1 
1 0 6 1 1 0 
1 0 8 3 1 3 
1 0 9 2 1 0 
1 0 9 4 1 1 
1 1 1 8 1 1 
1 1 2 3 1 1 
1 1 4 3 1 1 
1 1 4 6 1 1 
1 1 6 1 1 2 
1 1 8 3 1 1 
1 1 9 2 1 2 
1 1 9 4 1 3 
2 0 1 8 1 9 4 1 4.55509 
2 0 4 6 1 8 3 1 4.8453 
2 0 2 3 1 6 1 1 4.21884 
3 0 4 3 1 9 2 1 9 4 1 4.07413 
2 0 1 8 1 9 2 1 3.75533 
2 0 6 1 1 8 3 1 4.98787 
2 0 1 8 1 2 3 1 3.77056 
2 0 2 3 1 6 1 1 5.13074 
