10
1 8 
0 
2 3 8 
0 
2 3 8 
1 9 
1 3 
2 0 2 
0 
1 3 
9 3 2
7 2 1
7 0 3
6 3 3
5 9 3
4 8 3
4 3 3
2 8 2
2 3 1
0 8 3
2
7 8 4 3 
14
1 0 8 1 3 
1 2 3 1 3 
1 2 8 1 2 
1 4 3 1 3 
1 4 8 1 1 
1 5 9 1 1 
1 6 3 1 0 
1 7 0 1 1 
1 7 2 1 1 
1 9 3 1 3 
2 0 8 1 7 2 1 5.38009 
2 0 8 1 2 8 1 5.11823 
3 4 3 1 4 8 1 6 3 1 6.05536 
3 0 8 1 2 8 1 7 0 1 4.1093 
28
1 0 0 8 1 3 
1 0 2 3 1 2 
1 0 2 8 1 1 
1 0 4 3 1 0 
1 0 4 8 1 3 
1 0 5 9 1 1 
1 0 6 3 1 3 
1 0 7 0 1 0 
1 0 7 2 1 2 
1 0 9 3 1 0 
1 1 0 8 1 0 
1 1 2 3 1 1 
1 1 2 8 1 0 
1 1 4 3 1 0 
1 1 4 8 1 3 
1 1 5 9 1 0 
1 1 6 3 1 1 
1 1 7 0 1 2 
1 1 7 2 1 1 
1 1 9 3 1 2 
3 0 6 3 1 7 0 1 7 2 1 5.75852 
2 0 4 3 1 5 9 1 4.09068 
3 0 4 3 1 5 9 1 7 0 1 4.34918 
2 0 2 3 1 6 3 1 4.70371 
2 0 4 8 1 7 0 1 3.17904 
2 0 2 8 1 6 3 1 5.2534 
2 0 5 9 1 7 2 1 5.60685 
2 0 5 9 1 7 2 1 3.85366 
