10
1 8 
0 
1 3 
3 2 6 9 
1 1 
0 
2 0 4 
0 
1 7 
1 4 
9 4 2
8 7 1
6 4 2
6 0 2
4 1 2
3 9 2
3 6 1
3 2 2
2 3 1
0 8 1
2
4 1 2 4 
14
1 0 8 1 3 
1 2 3 1 2 
1 3 2 1 1 
1 3 6 1 3 
1 3 9 1 3 
1 4 1 1 0 
1 6 0 1 3 
1 6 4 1 0 
1 8 7 1 3 
1 9 4 1 3 
2 2 3 1 3 2 1 5.30248 
2 3 2 1 3 6 1 4.98374 
2 3 6 1 8 7 1 2.91198 
2 3 2 1 9 4 1 2.736 
28
1 0 0 8 1 1 
1 0 2 3 1 2 
1 0 3 2 1 1 
1 0 3 6 1 2 
1 0 3 9 1 0 
1 0 4 1 1 1 
1 0 6 0 1 1 
1 0 6 4 1 2 
1 0 8 7 1 2 
1 0 9 4 1 0 
1 1 0 8 1 1 
1 1 2 3 1 0 
1 1 3 2 1 3 
1 1 3 6 1 0 
1 1 3 9 1 2 
1 1 4 1 1 3 
1 1 6 0 1 1 
1 1 6 4 1 0 
1 1 8 7 1 0 
1 1 9 4 1 2 
3 0 0 8 1 3 9 1 4 1 1 6.91341 
3 0 0 8 1 3 2 1 9 4 1 5.2531 
2 0 8 7 1 9 4 1 5.91097 
2 0 4 1 1 8 7 1 5.38969 
3 0 0 8 1 2 3 1 6 4 1 5.86469 
2 0 2 3 1 3 2 1 3.97869 
2 0 3 2 1 3 6 1 5.64203 
3 0 0 8 1 2 3 1 3 9 1 6.35163 
