10
0 
1 4 
3 3 4 9 
1 4 
1 3 
3 1 4 8 
0 
2 2 9 
0 
0 
7 9 2
7 2 1
5 8 1
5 4 2
5 1 1
4 3 2
3 4 3
2 9 2
2 4 2
2 3 3
1 4 3
2
1 4 5 4 
15
1 1 4 1 3 
1 2 3 1 3 
1 2 4 1 0 
1 2 9 1 0 
1 3 4 1 0 
1 4 3 1 3 
1 5 1 1 2 
1 5 4 1 1 
1 5 8 1 3 
1 7 2 1 1 
1 7 9 1 1 
2 3 4 1 4 3 1 4.38057 
3 2 3 1 2 9 1 5 8 1 4.28015 
2 5 1 1 5 4 1 4.41851 
2 2 3 1 7 9 1 5.88322 
30
1 0 1 4 1 0 
1 0 2 3 1 1 
1 0 2 4 1 3 
1 0 2 9 1 3 
1 0 3 4 1 2 
1 0 4 3 1 0 
1 0 5 1 1 0 
1 0 5 4 1 1 
1 0 5 8 1 1 
1 0 7 2 1 2 
1 0 7 9 1 0 
1 1 1 4 1 1 
1 1 2 3 1 3 
1 1 2 4 1 3 
1 1 2 9 1 3 
1 1 3 4 1 1 
1 1 4 3 1 3 
1 1 5 1 1 1 
1 1 5 4 1 3 
1 1 5 8 1 1 
1 1 7 2 1 3 
1 1 7 9 1 2 
4 0 1 4 1 3 4 1 5 1 1 7 9 1 4.87826 
2 0 4 3 1 5 4 1 4.4759 
2 0 2 4 1 5 4 1 5.99349 
2 0 2 4 1 2 9 1 6.29735 
2 0 5 1 1 5 4 1 4.7123 
2 0 1 4 1 2 4 1 4.08926 
2 0 2 9 1 7 2 1 4.69546 
2 0 2 4 1 5 8 1 4.41425 
