10
1 2 
1 8 
1 8 
1 7 
0 
3 0 1 8 
2 0 5 
0 
1 3 
2 4 5 
9 5 3
9 4 1
8 3 2
6 5 2
6 0 3
5 8 2
5 1 2
5 0 1
3 7 1
2 8 2
1 8 3
0 2 1
2
6 2 9 0 
16
1 0 2 1 1 
1 1 8 1 2 
1 2 8 1 3 
1 3 7 1 0 
1 5 0 1 0 
1 5 1 1 1 
1 5 8 1 2 
1 6 0 1 2 
1 6 5 1 0 
1 8 3 1 0 
1 9 4 1 1 
1 9 5 1 3 
2 3 7 1 5 0 1 5.7655 
3 5 0 1 6 0 1 9 4 1 3.8877 
2 5 1 1 5 8 1 6.70221 
2 2 8 1 5 1 1 5.63063 
32
1 0 0 2 1 0 
1 0 1 8 1 2 
1 0 2 8 1 1 
1 0 3 7 1 2 
1 0 5 0 1 1 
1 0 5 1 1 0 
1 0 5 8 1 0 
1 0 6 0 1 0 
1 0 6 5 1 1 
1 0 8 3 1 0 
1 0 9 4 1 2 
1 0 9 5 1 2 
1 1 0 2 1 2 
1 1 1 8 1 1 
1 1 2 8 1 1 
1 1 3 7 1 2 
1 1 5 0 1 0 
1 1 5 1 1 2 
1 1 5 8 1 2 
1 1 6 0 1 2 
1 1 6 5 1 2 
1 1 8 3 1 0 
1 1 9 4 1 1 
1 1 9 5 1 1 
2 0 5 8 1 6 5 1 5.27112 
3 0 0 2 1 8 3 1 9 5 1 4.91684 
3 0 0 2 1 5 1 1 9 4 1 6.636 
2 0 6 5 1 8 3 1 4.41396 
3 0 5 0 1 9 4 1 9 5 1 4.4708 
2 0 5 8 1 6 0 1 4.61482 
3 0 0 2 1 5 1 1 6 0 1 3.45504 
3 0 0 2 1 5 1 1 6 0 1 5.38727 
