10
1 5 
2 4 7 
1 7 
2 6 7 
0 
3 2 6 9 
0 
0 
1 5 
0 
8 5 3
5 9 2
5 6 1
5 2 1
3 7 2
3 6 1
2 7 3
1 7 1
1 4 2
0 5 1
2
0 7 5 6 
14
1 0 5 1 2 
1 1 4 1 2 
1 1 7 1 0 
1 2 7 1 0 
1 3 6 1 2 
1 3 7 1 2 
1 5 2 1 0 
1 5 6 1 3 
1 5 9 1 2 
1 8 5 1 3 
4 2 7 1 3 6 1 3 7 1 8 5 1 4.60181 
2 5 2 1 8 5 1 4.51234 
3 0 5 1 1 4 1 1 7 1 3.39457 
2 3 6 1 3 7 1 4.96279 
28
1 0 0 5 1 2 
1 0 1 4 1 0 
1 0 1 7 1 0 
1 0 2 7 1 3 
1 0 3 6 1 0 
1 0 3 7 1 2 
1 0 5 2 1 1 
1 0 5 6 1 0 
1 0 5 9 1 3 
1 0 8 5 1 2 
1 1 0 5 1 3 
1 1 1 4 1 2 
1 1 1 7 1 2 
1 1 2 7 1 3 
1 1 3 6 1 0 
1 1 3 7 1 1 
1 1 5 2 1 0 
1 1 5 6 1 2 
1 1 5 9 1 2 
1 1 8 5 1 0 
2 0 1 4 1 8 5 1 5.33322 
3 0 3 6 1 5 2 1 8 5 1 6.10502 
4 0 2 7 1 3 7 1 5 9 1 8 5 1 4.0411 
2 0 2 7 1 5 9 1 5.7664 
2 0 1 4 1 3 7 1 4.10229 
2 0 3 6 1 5 6 1 3.36235 
2 0 1 7 1 5 2 1 4.24204 
2 0 1 7 1 5 2 1 5.84358 
