10
0 
3 2 3 9 
1 0 
2 0 2 
1 0 
1 4 
1 0 
1 9 
0 
4 2 4 7 8 
9 8 2
9 7 2
9 4 1
9 2 1
7 9 1
6 0 3
5 4 3
4 0 2
3 2 2
3 0 2
2 0 1
1 9 3
1 3 1
1 2 3
2
7 0 3 0 
18
1 1 2 1 2 
1 1 3 1 1 
1 1 9 1 1 
1 2 0 1 3 
1 3 0 1 1 
1 3 2 1 2 
1 4 0 1 3 
1 5 4 1 1 
1 6 0 1 2 
1 7 9 1 1 
1 9 2 1 1 
1 9 4 1 3 
1 9 7 1 0 
1 9 8 1 1 
3 1 9 1 3 0 1 9 4 1 6.83608 
2 3 0 1 5 4 1 5.45106 
3 1 3 1 2 0 1 3 0 1 7.17865 
2 1 9 1 3 2 1 4.75592 
36
1 0 1 2 1 1 
1 0 1 3 1 0 
1 0 1 9 1 3 
1 0 2 0 1 2 
1 0 3 0 1 2 
1 0 3 2 1 1 
1 0 4 0 1 3 
1 0 5 4 1 1 
1 0 6 0 1 1 
1 0 7 9 1 3 
1 0 9 2 1 0 
1 0 9 4 1 0 
1 0 9 7 1 3 
1 0 9 8 1 2 
1 1 1 2 1 0 
1 1 1 3 1 1 
1 1 1 9 1 3 
1 1 2 0 1 2 
1 1 3 0 1 3 
1 1 3 2 1 2 
1 1 4 0 1 3 
1 1 5 4 1 1 
1 1 6 0 1 0 
1 1 7 9 1 2 
1 1 9 2 1 0 
1 1 9 4 1 0 
1 1 9 7 1 2 
1 1 9 8 1 0 
2 0 3 2 1 9 4 1 6.54772 
4 0 1 2 1 1 3 1 2 0 1 9 2 1 5.90077 
2 0 1 9 1 9 2 1 5.68903 
3 0 1 9 1 2 0 1 9 4 1 4.87475 
2 0 4 0 1 5 4 1 5.43702 
2 0 7 9 1 9 8 1 5.8623 
2 0 1 3 1 9 2 1 5.83985 
2 0 1 9 1 3 0 1 2.51312 
