10
1 2 
1 5 
0 
0 
1 8 
0 
0 
0 
2 2 4 
1 6 
9 6 2
8 4 2
8 2 2
4 8 3
1 5 3
0 2 2
2
4 2 4 8 
10
1 0 2 1 2 
1 1 5 1 3 
1 4 8 1 3 
1 8 2 1 1 
1 8 4 1 2 
1 9 6 1 3 
2 1 5 1 8 4 1 3.54541 
3 0 2 1 4 8 1 8 2 1 4.64139 
2 1 5 1 8 2 1 6.09097 
2 1 5 1 9 6 1 5.23216 
20
1 0 0 2 1 0 
1 0 1 5 1 1 
1 0 4 8 1 3 
1 0 8 2 1 3 
1 0 8 4 1 3 
1 0 9 6 1 0 
1 1 0 2 1 1 
1 1 1 5 1 1 
1 1 4 8 1 0 
1 1 8 2 1 0 
1 1 8 4 1 2 
1 1 9 6 1 0 
2 0 1 5 1 8 2 1 4.15097 
2 0 8 4 1 9 6 1 6.56795 
3 0 0 2 1 1 5 1 4 8 1 4.22024 
2 0 0 2 1 9 6 1 5.93062 
3 0 4 8 1 8 4 1 9 6 1 5.64144 
2 0 1 5 1 4 8 1 4.45902 
2 0 1 5 1 9 6 1 6.81627 
2 0 0 2 1 1 5 1 5.23272 
